34 82 76
57 1 35
32 92 90
87 31 21
88 21 61
6 65 30
59 53 27
88 22 85
36 60 64
38 90 9
18 16 27
14 48 71
96 5 34
69 72 97
33 85 4
30 22 26
85 92 26
48 2 64
50 40 4
24 4 5
40 26 9
66 83 52
77 47 75
38 60 27
42 11 61
73 10 42
41 61 40
54 20 77
33 50 44
48 86 42
59 67 19
13 50 16
1 7 45
13 74 52
89 1 52
94 97 57
83 94 75
22 14 95
57 68 74
58 48 66
91 86 20
50 34 96
1 16 57
52 69 0
85 99 5
77 40 56
53 2 0
38 89 58
57 4 55
18 34 52
89 44 39
88 52 32
7 0 48
17 77 74
48 13 49
34 19 39
30 5 73
10 87 64
17 20 52
36 75 96
55 39 40
58 67 34
88 92 19
21 21 47
72 95 31
10 97 0
94 75 73
46 66 73
2 90 83
52 49 14
80 60 18
55 82 88
36 33 46
16 93 97
14 61 16
59 15 95
93 96 53
67 45 79
44 5 21
15 11 1
69 61 90
77 27 12
90 49 71
58 17 26
46 91 28
41 51 28
31 30 7
97 23 82
45 88 87
6 93 93
43 65 22
64 55 65
90 51 20
93 52 52
74 43 54
1 37 85
72 77 25
56 35 33
74 58 82
72 10 7
27 98 23
58 47 89
96 30 85
75 89 7
16 79 23
1 83 26
48 32 52
2 11 41
80 47 86
81 59 10
69 20 50
87 17 71
40 73 95
29 64 44
81 49 86
55 49 14
36 70 63
85 84 96
9 41 33
17 92 93
86 92 88
0 30 19
37 93 19
31 38 1
91 14 93
48 39 71
13 20 48
49 89 45
84 25 33
27 60 52
95 57 97
43 57 79
83 59 20
75 30 61
41 21 7
48 48 42
72 5 11
30 75 49
39 14 51
40 72 34
64 86 24
49 38 27
13 6 87
1 32 1
64 46 56
2 55 29
75 79 79
69 19 97
70 99 76
16 21 96
55 61 46
48 81 19
4 50 46
34 56 74
6 22 32
36 60 39
36 6 27
61 60 30
47 52 51
51 91 73
16 77 63
55 7 65
35 63 11
39 7 58
93 27 51
92 61 36
43 77 0
94 49 21
58 8 96
71 76 15
31 73 71
89 83 46
78 65 85
23 70 57
27 60 34
44 85 41
25 29 32
83 85 3
64 0 46
39 69 60
10 68 69
79 57 88
4 14 5
84 55 45
17 90 50
1 46 51
0 26 66
48 19 55
30 65 58
75 47 3
83 67 38
95 59 33
88 47 2
41 35 83
88 65 26
86 7 61
71 87 31
97 77 88
77 63 14
78 67 33
32 6 16
45 30 38
1 60 65
75 34 32
47 26 23
70 33 48
61 77 33
67 65 69
3 34 84
45 29 43
75 23 18
89 52 37
6 5 84
35 31 50
18 82 49
1 36 56
66 53 26
66 21 93
30 5 78
59 5 72
23 35 96
52 56 64
85 69 75
72 49 76
24 31 55
62 82 57
21 29 41
76 48 83
4 68 25
6 46 20
87 15 73
24 40 96
56 15 41
78 88 43
50 61 72
70 33 82
21 78 87
55 4 49
8 31 91
18 73 29
1 79 47
48 53 80
61 80 37
63 5 53
61 83 21
12 48 43
30 3 47
52 66 31
10 90 20
18 26 94
83 37 30
26 12 86
33 62 96
61 61 45
84 36 5
94 6 28
98 59 5
32 26 44
99 23 84
48 77 52
91 83 59
94 52 86
58 26 64
86 78 59
91 70 61
58 57 70
21 66 13
91 64 5
80 7 14
29 84 45
23 21 41
23 5 30
90 58 37
68 16 34
44 88 47
58 22 56
60 17 64
3 36 66
83 31 72
36 10 6
48 98 21
92 8 93
82 86 1
52 37 8
57 14 65
39 50 43
3 95 43
20 60 9
60 89 44
54 63 50
4 77 70
89 70 48
82 69 56
7 49 85
70 66 42
82 59 12
35 59 9
56 9 30
0 89 92
44 52 86
40 78 17
17 14 86
23 98 91
39 94 87
50 22 5
18 56 34
94 13 97
32 80 92
31 1 18
47 38 51
52 25 53
47 84 55
67 73 45
76 53 87
39 96 79
40 54 76
26 40 75
49 26 5
97 75 65
17 79 30
90 56 48
8 41 89
30 8 99
56 75 17
36 36 55
24 61 3
69 0 91
53 56 8
59 86 23
37 2 71
83 22 75
67 20 37
39 24 43
53 81 69
75 3 7
3 93 34
64 87 20
4 90 60
48 70 1
88 62 4
94 33 12
20 41 49
29 10 19
59 0 20
51 71 58
98 99 79
62 11 89
11 20 64
55 29 19
4 28 40
10 19 6
20 45 36
46 56 22
39 58 72
57 49 56
74 6 11
58 74 97
37 7 95
8 14 52
79 32 63
70 50 17
32 49 17
41 9 54
2 77 95
2 87 17
73 50 96
43 79 62
6 52 6
38 89 46
46 76 44
44 34 50
66 96 74
2 2 11
78 85 86
14 37 90
2 58 75
24 55 59
8 57 25
28 44 27
34 13 68
53 86 68
56 57 62
38 50 76
41 96 77
67 57 9
29 22 45
3 38 70
15 55 60
76 88 32
20 50 43
87 72 83
44 12 65
8 92 85
28 83 49
66 91 98
55 64 50
7 36 26
86 71 7
44 33 4
7 4 46
5 25 58
61 47 44
16 40 57
6 51 47
9 8 55
26 9 74
83 96 27
75 79 63
15 70 82
48 1 67
37 21 80
45 57 52
33 93 60
27 20 64
9 63 42
31 99 57
68 78 92
54 31 58
84 15 29
73 59 40
98 14 8
0 59 21
6 4 84
44 75 24
93 13 22
63 68 76
6 49 56
78 81 32
37 20 48
92 34 99
33 0 92
20 90 14
16 49 90
5 98 28
58 87 93
20 89 31
55 27 17
80 96 74
82 70 69
38 39 20
8 16 18
17 40 38
79 97 77
45 77 41
48 43 33
19 4 64
68 22 14
13 1 78
97 72 26
34 1 50
95 33 64
53 10 11
76 49 7
60 89 42
73 3 75
66 76 79
10 74 1
68 9 3
51 25 18
33 41 34
37 87 83
54 91 20
31 44 83
9 96 52
93 11 87
55 83 27
75 96 97
3 34 13
58 51 59
83 18 91
93 2 21
69 91 45
30 20 90
5 10 59
62 16 30
17 51 61
22 18 82
27 7 52
24 16 11
25 65 51
20 89 45
55 83 19
27 83 80
26 97 85
89 84 42
1 71 49
44 40 73
73 51 97
37 91 6
94 80 16
67 94 70
78 57 38
88 46 73
9 27 50
21 17 12
44 1 80
54 42 67
5 94 6
73 80 32
56 91 79
87 20 22
41 22 79
3 18 28
43 82 82
12 15 6
60 35 82
20 28 44
20 23 62
55 58 49
18 92 8
68 43 44
65 81 76
16 48 45
57 57 81
12 69 43
39 19 55
72 56 70
94 79 86
8 26 32
48 46 41
8 23 9
90 47 98
0 81 74
73 33 37
26 5 70
62 90 61
17 0 49
9 34 23
65 83 53
58 37 11
35 57 48
42 52 60
84 21 61
1 95 90
91 76 45
65 32 70
64 40 59
17 89 28
83 12 65
62 96 41
43 51 95
61 31 82
5 61 28
79 1 63
32 22 77
76 89 49
11 24 13
95 63 7
1 9 7
78 6 65
11 74 48
74 95 84
96 84 69
92 38 84
31 52 81
16 78 16
7 63 19
59 15 77
12 3 6
54 18 75
64 59 69
97 61 37
74 83 34
58 55 16
46 64 21
89 18 35
65 85 53
96 3 57
31 95 79
9 36 34
59 91 84
48 8 62
63 50 88
91 7 85
9 74 39
10 64 13
45 44 28
31 26 99
69 37 80
10 35 66
84 57 77
37 58 86
11 30 61
20 26 12
25 15 31
67 36 28
8 25 40
63 22 43
95 0 11
10 29 17
82 37 31
27 63 30
11 70 44
77 82 28
31 7 21
58 57 7
55 62 91
41 8 81
15 92 71
57 92 5
21 35 78
23 71 24
21 11 54
38 35 59
8 4 26
58 95 5
94 59 67
93 21 40
19 70 93
22 98 27
27 46 97
93 71 16
52 42 47
76 3 84
84 24 8
94 27 49
43 68 9
65 35 13
71 59 82
98 88 20
43 35 42
6 71 25
95 75 67
27 93 97
62 72 78
9 37 0
0 35 13
42 44 53
88 69 4
26 13 56
56 59 78
89 43 83
84 68 90
86 55 40
86 40 48
48 42 80
4 99 61
66 35 75
90 39 84
12 86 44
61 44 20
85 23 53
5 93 11
58 74 63
10 52 6
15 63 88
43 68 98
70 59 37
64 66 66
92 48 27
87 56 12
86 63 33
34 16 41
47 46 73
33 81 19
44 30 26
5 44 27
76 50 67
34 19 57
85 51 65
45 2 61
53 66 12
13 78 11
31 58 15
87 63 91
96 16 46
28 96 27
29 42 28
33 87 8
88 74 50
16 69 80
42 37 50
4 90 39
17 55 40
1 23 50
23 88 30
51 78 67
80 43 30
5 44 17
6 10 31
17 97 48
99 11 77
60 48 19
86 33 80
29 47 58
10 32 70
94 29 22
93 47 12
48 43 2
77 91 98
36 32 53
27 1 43
9 91 83
4 19 15
78 56 44
17 74 11
50 15 21
50 56 14
81 79 34
57 97 77
76 25 36
27 25 92
32 81 77
16 16 94
32 7 36
43 77 94
57 33 65
22 56 86
99 90 50
30 42 6
88 43 39
3 3 81
30 29 34
13 41 40
31 57 10
92 18 92
27 88 76
60 7 36
66 64 44
76 15 1
18 61 33
52 49 48
53 27 32
89 18 17
41 75 42
27 78 1
97 93 12
10 96 91
95 0 26
78 59 47
24 15 19
86 59 8
38 58 94
14 77 47
34 98 1
33 55 27
82 19 40
96 71 28
61 13 5
83 53 63
32 57 30
53 86 5
63 59 48
64 2 85
70 72 72
78 19 86
23 99 35
67 1 44
71 35 12
7 64 81
71 9 63
67 55 64
63 46 72
71 74 11
97 20 92
98 98 9
35 40 22
59 6 30
37 43 64
11 62 63
27 42 95
83 19 31
10 18 53
96 2 34
72 80 91
73 3 31
64 7 18
69 85 67
32 10 39
59 8 79
78 54 31
64 84 84
80 88 6
91 19 94
45 10 0
8 94 38
92 58 68
14 54 56
30 79 30
97 35 77
97 13 66
54 83 79
6 56 96
42 98 57
5 99 78
79 29 32
35 61 84
57 24 75
34 62 41
17 40 2
48 48 70
64 60 30
60 14 81
89 60 99
85 66 27
24 11 19
72 26 59
8 29 94
33 54 2
81 62 8
26 59 8
43 19 77
3 92 36
6 3 31
43 61 97
80 19 8
20 82 68
66 75 83
43 41 21
91 16 15
62 32 81
15 78 94
82 16 64
89 19 61
15 15 27
75 46 68
72 54 27
38 57 0
1 79 99
6 3 48
7 95 4
1 71 64
84 91 56
68 84 12
69 5 42
23 68 81
13 4 72
56 50 17
9 14 22
35 31 3
5 69 54
28 72 51
67 0 90
94 8 45
50 23 7
42 44 10
52 20 95
71 15 46
90 24 45
22 97 8
86 58 87
40 49 11
61 89 12
61 91 21
1 60 55
31 65 32
47 52 14
21 13 51
35 81 58
96 1 94
70 35 6
80 10 8
73 14 35
14 65 66
1 62 67
48 90 17
32 47 95
22 1 80
38 31 60
29 56 27
32 44 51
89 19 84
0 31 49
81 17 0
86 35 22
25 92 80
43 60 89
41 69 81
94 19 24
56 9 44
4 90 53
42 5 30
3 43 50
16 32 78
54 53 34
52 19 4
27 72 4
55 97 72
87 39 37
49 8 50
92 84 82
68 20 40
62 93 27
83 57 15
37 93 52
91 85 67
12 55 14
54 25 39
98 12 26
29 32 78
80 50 76
6 58 72
69 78 87
40 19 39
18 8 88
63 65 78
97 33 10
29 57 5
11 87 68
62 38 98
1 40 88
36 83 63
55 30 43
29 8 47
31 0 86
17 30 99
81 0 3
98 32 8
67 65 79
73 28 80
30 5 15
98 57 29
69 36 73
45 52 11
74 5 30
41 54 88
74 51 0
87 97 92
80 2 42
16 12 76
97 21 46
10 12 68
55 54 21
19 88 18
35 41 14
76 46 12
55 61 47
70 84 82
35 55 93
41 74 64
87 5 90
75 82 31
76 64 17
7 23 73
24 63 69
70 30 27
39 66 67
75 85 1
92 89 84
50 15 26
22 0 0
79 55 46
97 2 37
83 69 12
76 52 77
37 39 44
84 60 6
74 98 77
66 55 91
96 14 46
16 20 70
20 62 50
86 18 64
65 84 55
81 12 88
42 59 33
93 90 80
99 6 45
49 52 64
38 74 44
51 80 42
52 56 7
60 60 29
68 43 79
33 13 35
51 20 45
22 14 35
90 9 86
94 31 21
28 32 27
46 3 10
22 3 17
96 95 28
55 72 34
22 85 37
2 61 98
6 12 59
61 42 39
88 26 65
55 63 53
72 63 67
22 61 13
85 35 70
53 90 30
2 59 41
91 82 59
47 92 25
10 6 44
3 50 23
11 65 63
80 4 83
41 16 62
3 16 65
10 4 49
35 40 79
53 75 52
21 32 66
4 86 47
96 49 2
92 56 91
