37 3 91
87 83 43
11 39 59
12 34 40
44 31 89
21 30 30
29 97 74
90 97 57
87 61 28
95 5 84
3 7 10
14 14 40
2 57 34
81 14 60
56 99 51
97 66 46
53 74 23
92 33 7
40 41 34
67 43 67
73 80 62
83 29 72
28 22 86
39 58 71
67 6 26
44 96 33
43 97 75
79 35 99
13 64 15
17 14 9
31 49 60
99 46 55
56 93 69
64 82 61
26 38 47
87 43 21
51 81 67
41 77 1
9 87 75
27 91 39
38 12 12
23 47 32
50 2 61
74 81 13
94 50 36
23 15 55
12 50 73
17 65 49
39 94 87
22 66 79
81 3 47
32 31 40
83 60 76
23 4 37
54 59 62
92 69 56
63 39 59
0 28 86
33 94 73
28 77 20
2 46 89
42 90 31
5 68 46
40 15 24
32 77 26
4 92 46
29 99 90
36 83 25
49 30 63
96 67 53
14 4 71
13 57 27
35 25 75
9 61 11
99 28 49
63 41 79
36 29 39
64 93 54
13 53 27
37 19 78
80 38 75
25 89 32
36 34 80
41 54 71
15 19 9
68 87 20
83 32 65
29 88 76
78 46 26
8 61 33
2 30 98
57 53 19
61 77 36
53 93 40
88 77 37
29 25 60
52 45 80
44 33 91
65 44 35
46 83 42
