92 25 12
18 95 26
57 67 71
0 65 48
9 11 2
61 55 36
36 26 67
62 24 84
34 27 26
4 75 59
36 67 28
8 41 36
27 27 29
87 51 90
83 42 61
79 70 71
75 70 72
30 20 24
5 67 76
95 19 20
17 10 31
71 54 10
98 44 23
94 30 73
0 95 0
67 45 65
84 65 59
34 17 53
23 76 35
68 25 93
69 36 59
41 41 79
85 37 8
8 56 76
47 31 84
65 77 31
48 63 88
22 39 55
63 3 97
32 53 50
16 47 8
10 11 82
80 18 79
30 3 12
35 68 56
8 34 22
72 92 85
70 85 46
17 15 15
86 21 77
86 63 89
48 83 55
70 72 87
9 56 16
91 99 72
42 25 1
83 58 56
48 43 16
45 41 73
86 89 4
1 68 53
9 46 73
83 25 56
76 76 99
46 65 81
60 2 97
8 85 96
74 49 95
78 24 72
48 70 25
97 30 44
94 98 7
48 0 16
49 3 89
82 19 9
82 68 86
5 44 35
8 53 68
89 78 79
63 85 63
62 62 87
84 42 70
72 17 63
11 85 58
47 85 77
38 74 7
61 18 67
40 25 16
17 67 21
72 66 97
6 64 77
35 72 8
17 53 99
74 5 94
61 91 98
88 12 91
89 20 67
50 44 73
59 9 11
60 1 28
79 39 49
89 91 18
34 53 37
42 66 40
5 39 52
4 4 31
69 27 88
89 64 63
20 18 4
37 39 21
63 99 86
52 27 73
38 96 46
86 76 82
17 51 89
56 22 90
87 44 80
73 56 40
5 18 76
71 83 41
52 50 97
85 1 31
22 59 17
19 71 31
38 64 68
25 73 19
20 67 4
95 55 4
16 4 39
86 17 74
52 94 62
72 53 12
9 60 24
53 24 63
68 69 72
74 27 60
11 68 22
67 95 17
51 22 98
3 37 48
81 38 63
77 24 56
96 40 10
12 77 95
1 51 6
35 59 6
34 93 90
26 74 2
23 36 17
85 81 63
8 88 28
9 37 78
24 88 61
95 81 78
22 68 91
59 80 14
69 7 2
63 85 37
48 46 41
67 38 81
0 10 23
55 75 55
33 93 74
54 82 4
19 33 30
28 76 21
68 31 90
52 15 54
9 91 6
50 22 53
19 90 13
63 96 39
34 0 92
14 49 11
5 54 38
54 12 90
42 42 97
55 9 55
15 52 16
31 14 18
57 6 94
1 61 87
20 21 22
25 75 73
62 86 32
67 15 36
39 49 58
71 84 15
53 33 89
83 63 59
97 90 79
4 51 3
83 94 78
43 70 46
20 60 7
1 48 4
72 4 13
47 33 89
65 94 29
51 52 29
66 64 92
26 39 61
31 38 11
15 11 24
1 8 32
3 77 29
62 5 44
7 76 41
82 67 7
99 33 96
37 47 87
72 48 23
96 21 7
85 99 90
32 92 6
37 97 57
61 67 88
97 28 31
54 77 92
16 44 54
87 23 56
76 95 37
67 30 2
31 68 76
69 51 93
82 5 27
49 39 39
79 62 17
61 58 71
73 75 98
22 48 8
13 26 91
13 57 60
15 70 27
62 84 34
77 16 16
1 43 92
84 45 80
89 23 42
6 18 82
55 9 72
67 64 21
24 85 38
31 63 20
52 94 1
9 9 14
39 9 35
41 40 79
19 51 57
49 11 92
77 50 24
51 85 11
31 94 35
37 45 25
44 28 97
62 58 10
14 33 64
33 58 62
39 99 11
66 16 98
6 35 0
55 27 68
77 68 71
5 32 73
34 28 93
73 49 72
57 45 53
48 87 40
67 51 17
7 33 66
91 84 93
99 23 58
75 42 28
18 85 44
43 60 18
4 19 27
37 42 18
23 85 88
46 51 48
26 58 12
72 80 62
98 96 50
17 84 29
49 14 35
35 93 45
20 9 36
14 92 42
78 19 53
35 42 35
32 26 56
47 16 48
94 45 31
28 59 73
0 35 79
11 68 70
26 11 35
98 75 72
1 18 90
20 77 90
98 88 56
68 16 71
29 77 91
35 96 74
20 77 13
50 79 61
74 46 95
96 16 92
67 67 68
32 97 57
35 56 89
87 65 11
38 51 52
46 30 25
56 61 38
27 66 34
80 76 42
38 20 31
78 17 28
23 25 78
88 27 8
91 64 43
35 91 12
24 40 30
33 83 70
70 44 42
55 8 19
41 97 28
16 46 93
14 29 46
79 78 4
52 80 3
15 0 57
82 78 83
19 98 90
94 78 17
13 83 33
57 93 96
24 32 4
81 61 37
23 97 84
47 8 19
20 37 84
46 18 18
0 88 13
53 64 45
54 62 39
65 13 82
61 55 60
33 18 99
38 13 37
3 8 19
34 20 41
12 49 64
83 67 62
3 84 41
59 15 28
72 96 6
51 67 44
43 96 57
10 1 97
8 10 53
26 78 53
18 2 67
74 73 73
84 49 62
35 83 7
2 73 54
77 76 0
91 31 10
92 30 71
84 20 55
82 88 30
46 1 8
46 31 94
32 6 96
16 0 52
77 77 53
80 22 12
56 44 92
95 51 37
7 70 96
53 12 39
84 5 68
61 59 88
55 53 72
98 74 93
43 68 17
4 40 25
28 25 33
44 65 8
21 31 5
6 68 21
25 37 70
44 63 84
1 20 62
43 45 0
99 79 67
8 99 64
54 44 55
14 1 74
71 95 4
39 20 91
29 41 57
61 6 78
56 28 90
67 3 21
69 16 29
50 20 89
17 30 15
73 83 37
0 62 13
88 43 45
24 5 41
20 57 11
66 64 92
91 15 25
77 39 9
43 74 14
88 29 45
5 43 57
8 58 24
75 23 96
46 13 30
14 61 17
83 8 55
35 37 0
84 34 53
37 78 59
99 50 90
63 37 30
85 89 22
35 16 28
72 32 66
47 87 87
30 26 36
10 17 37
11 18 33
25 60 97
79 83 71
72 90 88
85 92 28
63 14 50
77 13 8
66 33 88
45 70 38
43 38 52
15 33 8
0 88 22
74 76 76
9 50 86
85 98 44
95 94 86
47 85 87
40 50 63
12 16 52
81 9 98
90 11 36
27 82 10
32 57 59
90 9 80
86 99 4
67 33 97
34 61 7
51 68 44
40 16 11
42 5 93
69 61 92
4 76 38
11 84 60
67 31 28
70 13 24
60 97 25
90 84 39
4 23 22
9 53 9
14 8 9
43 44 85
77 89 98
17 53 27
34 46 67
68 34 5
81 19 22
51 58 55
33 6 78
8 5 21
90 56 62
4 10 96
15 8 21
6 39 93
18 12 39
13 5 40
69 32 70
62 37 34
98 81 40
40 75 91
97 31 81
96 39 74
89 69 13
47 83 60
75 41 80
93 74 10
14 69 74
10 61 45
62 98 83
92 9 7
5 10 68
19 28 38
62 22 88
54 75 53
10 60 93
2 69 27
22 73 99
66 7 21
51 90 55
58 80 32
73 40 79
24 10 63
97 39 3
66 18 87
82 20 87
5 41 66
64 61 61
3 65 99
99 11 53
20 73 76
60 69 26
48 56 42
91 2 64
31 28 83
44 31 85
94 65 97
5 20 78
56 34 6
16 37 61
55 98 64
64 36 16
61 90 58
77 75 13
19 42 4
10 15 68
69 7 18
14 26 99
20 10 10
58 31 13
46 57 88
91 85 42
82 25 32
73 44 16
63 42 84
67 43 15
7 26 81
24 5 58
22 14 62
84 52 86
75 95 17
13 12 19
1 1 84
56 50 97
12 29 84
24 99 79
0 94 69
16 56 89
15 98 67
13 80 40
69 27 94
1 38 40
67 9 58
57 35 48
53 71 1
93 83 48
80 96 62
90 91 78
75 22 10
24 17 10
26 95 88
92 55 61
87 37 62
43 11 51
99 48 46
95 78 4
81 18 45
30 46 24
92 99 57
45 20 44
71 81 53
70 4 22
33 51 75
8 33 50
98 69 10
30 70 5
87 72 49
78 2 10
53 38 67
1 94 54
12 87 94
3 97 54
48 22 19
92 35 47
26 38 50
80 16 33
56 11 57
33 98 81
88 45 50
84 34 95
99 75 28
38 39 6
9 48 99
81 6 73
51 91 71
21 72 65
73 76 81
42 65 67
57 62 44
15 31 38
73 48 2
34 48 24
80 15 37
35 11 6
46 98 6
71 34 37
87 5 4
64 4 29
86 46 66
7 51 14
12 27 49
19 46 52
59 41 2
37 98 31
96 52 89
89 94 91
22 16 50
38 74 73
71 49 22
16 61 85
33 31 27
78 94 8
56 48 35
44 17 3
92 55 94
17 90 8
99 62 4
31 93 95
14 24 31
93 36 18
86 78 9
65 86 18
30 3 19
36 71 20
38 97 17
87 96 89
94 1 15
79 38 70
71 78 58
43 41 25
76 39 65
27 75 8
40 2 80
90 95 22
78 43 91
69 39 64
56 79 7
90 38 20
30 86 76
52 11 46
3 42 73
73 7 34
5 58 97
25 94 38
4 27 49
20 61 99
26 75 9
47 25 97
99 73 75
29 70 91
38 86 72
5 82 81
27 99 26
60 39 60
52 99 74
32 18 58
38 91 20
76 60 64
71 60 62
20 61 81
4 42 89
78 48 95
63 96 39
85 4 27
39 67 77
28 56 7
43 8 74
88 14 3
50 16 99
48 56 57
53 7 52
55 19 83
84 50 26
29 65 47
73 8 10
18 77 27
83 72 65
84 68 84
74 2 71
54 89 87
89 85 75
22 52 33
55 88 81
37 35 52
38 85 46
19 95 60
96 10 32
95 78 23
19 19 14
55 8 3
73 53 69
30 25 64
30 65 72
60 15 10
54 6 86
2 55 27
69 77 72
54 29 64
28 74 3
32 38 3
83 89 38
69 90 33
33 37 60
69 49 12
87 66 40
79 98 93
44 10 35
50 19 17
73 21 30
64 69 76
45 16 92
26 87 33
74 30 68
58 25 23
65 78 54
91 23 61
16 20 39
4 81 27
63 16 43
80 60 42
18 80 98
40 86 87
97 29 47
38 54 94
61 20 35
58 9 29
85 8 6
16 32 18
17 6 80
76 69 9
68 49 33
99 58 78
1 30 89
71 54 8
76 56 64
32 72 51
15 62 43
68 95 1
57 68 34
33 30 87
67 44 53
59 50 82
35 89 34
2 78 58
10 40 4
5 20 65
17 31 29
63 70 28
79 28 46
34 34 36
23 40 51
3 15 79
10 26 8
97 16 51
42 73 62
18 71 26
9 74 95
31 60 39
63 77 59
70 64 55
7 22 75
54 10 99
46 93 42
88 41 10
69 15 15
43 88 19
72 35 34
47 87 99
16 4 31
35 88 23
38 69 9
46 15 37
60 57 33
43 97 10
7 85 12
37 89 99
61 31 80
95 63 86
39 45 88
51 58 88
45 65 36
95 98 69
77 77 41
70 62 67
47 34 46
88 57 32
71 15 22
63 77 57
43 9 43
44 89 95
70 98 38
75 38 32
53 25 87
42 55 74
51 53 64
33 50 31
32 54 13
92 69 84
4 20 45
37 5 38
49 59 10
86 91 52
25 23 1
58 45 42
37 57 48
38 93 37
12 31 69
53 28 7
83 48 46
81 78 75
53 82 86
50 39 96
73 57 71
5 3 99
21 69 36
85 38 98
30 83 9
54 20 78
8 94 11
45 51 53
54 27 37
62 57 39
31 74 3
97 4 92
2 47 77
99 39 89
32 16 78
63 50 57
82 39 39
49 31 95
35 28 93
15 47 24
48 32 19
83 98 30
44 88 98
89 50 54
11 18 31
25 59 55
91 64 39
63 60 45
71 34 4
55 40 48
29 4 64
81 99 25
64 67 79
35 31 43
54 86 65
18 83 63
29 61 54
67 72 18
21 60 46
94 92 92
34 96 69
1 0 43
89 37 31
10 18 69
27 72 73
95 62 32
33 17 78
72 75 6
24 56 39
44 19 24
2 0 58
95 14 16
66 80 98
78 62 11
78 10 70
97 68 50
38 14 71
45 91 74
23 75 13
63 94 15
2 16 70
29 91 73
70 63 10
33 12 34
94 11 14
87 80 34
96 65 93
77 97 74
35 85 35
1 48 28
31 29 43
64 43 75
73 46 57
23 71 86
17 44 50
8 94 30
22 64 83
91 52 78
82 51 95
3 88 67
75 19 11
39 46 45
1 49 27
54 46 47
77 25 22
43 99 33
12 63 95
82 99 73
70 96 68
50 21 79
71 74 99
74 93 18
57 88 23
87 40 89
18 15 1
16 97 57
7 59 23
79 51 92
34 96 7
99 97 84
88 92 50
98 58 59
25 94 72
29 43 57
54 58 38
99 30 98
89 41 2
68 23 6
63 68 18
50 62 19
17 79 37
81 84 78
47 47 96
2 69 59
27 97 71
31 88 47
16 22 69
98 38 93
60 29 54
61 72 60
3 99 77
33 11 72
59 96 49
52 14 84
93 8 32
30 89 11
35 4 37
18 64 70
32 27 1
8 23 87
81 78 92
60 20 60
5 38 69
82 78 76
60 13 27
85 38 16
70 42 53
15 91 26
97 49 33
38 84 61
70 42 96
1 73 32
46 78 48
96 92 57
19 40 33
59 29 84
91 45 57
38 76 3
90 92 17
66 9 2
97 72 78
36 70 26
47 40 27
24 42 11
86 96 76
55 80 43
68 55 70
14 0 98
17 13 53
5 36 92
80 39 89
35 76 62
47 83 68
84 77 29
49 35 79
60 22 62
68 9 0
64 43 7
67 44 25
86 40 65
3 71 48
25 93 80
82 64 56
97 61 86
94 49 71
89 34 95
74 37 98
56 82 31
84 43 86
64 67 20
72 29 67
22 28 22
40 35 89
50 67 73
3 88 32
68 42 53
55 9 51
18 96 68
59 19 52
87 15 14
85 51 82
69 72 69
29 96 81
45 65 54
50 53 76
37 78 15
53 49 78
36 14 61
66 53 93
90 38 24
2 70 3
79 89 26
6 25 49
40 86 40
82 82 34
10 60 3
18 57 74
80 90 30
34 34 43
12 30 15
85 99 49
68 93 16
90 1 76
5 38 26
85 93 49
25 7 31
7 27 2
79 30 79
98 1 27
49 56 36
94 55 89
24 97 92
69 18 57
15 18 41
20 69 44
80 55 26
15 87 39
41 90 57
2 64 28
88 15 84
9 62 80
43 33 4
75 58 30
3 22 36
1 80 65
81 13 91
48 51 61
83 31 95
64 47 11
4 71 46
95 49 91
74 40 49
64 10 79
85 83 97
67 14 57
82 86 45
86 49 3
62 53 50
13 80 63
73 3 51
7 14 35
24 36 73
35 8 49
39 4 91
80 80 27
11 63 99
62 49 55
18 40 23
24 21 97
37 52 9
12 37 79
44 9 37
33 42 86
87 48 8
34 2 18
98 17 60
53 17 30
91 44 70
25 96 21
99 90 10
76 53 47
36 51 8
83 17 55
42 80 15
56 62 8
30 9 91
25 27 51
52 22 37
82 47 16
8 59 84
37 64 16
84 30 53
7 47 39
83 14 6
87 20 78
92 60 21
92 25 4
92 40 51
23 5 39
38 27 26
75 90 80
20 53 26
43 70 38
98 37 84
57 20 46
63 26 31
95 3 65
58 92 76
23 82 17
43 93 26
19 49 78
81 96 72
83 72 41
8 26 18
21 9 19
27 64 26
16 83 46
81 67 32
36 0 33
7 6 63
44 87 87
19 63 24
46 55 20
1 70 41
74 5 23
49 88 15
25 88 24
35 47 50
86 62 15
82 23 82
49 16 90
38 70 92
41 72 95
88 72 45
94 44 25
2 73 65
42 92 10
17 31 83
91 38 65
80 8 77
96 21 63
25 72 38
58 85 47
93 82 57
5 85 56
85 3 7
31 3 76
94 6 92
1 20 26
49 97 21
97 11 46
41 58 62
33 4 52
37 4 1
36 56 85
89 20 38
26 29 36
10 92 30
76 5 11
90 27 82
39 32 98
5 22 76
53 2 2
69 98 57
64 33 53
68 98 98
66 25 58
5 38 46
46 70 47
2 76 64
35 61 3
73 10 33
91 23 84
90 33 83
69 37 94
52 96 3
94 40 56
62 21 63
59 31 72
66 75 81
38 91 19
51 77 68
35 79 60
87 86 53
45 25 60
96 67 59
22 86 64
2 26 4
61 1 15
31 49 7
61 1 21
55 44 3
37 13 34
71 62 57
76 72 3
99 15 73
85 10 20
17 42 81
82 5 78
83 69 97
23 48 86
70 34 67
97 90 16
83 40 21
66 85 29
40 86 66
17 27 25
99 39 4
28 60 57
66 76 55
98 29 53
81 13 26
80 81 87
13 72 60
87 96 84
18 23 59
29 53 28
82 39 94
69 10 43
14 66 58
72 50 97
67 78 33
27 93 53
4 65 93
38 59 35
23 39 29
87 55 92
71 16 84
15 85 60
38 0 50
25 23 32
51 29 56
42 44 71
60 22 13
19 25 87
69 6 4
99 38 99
85 25 19
98 91 70
52 95 9
56 57 52
40 38 56
88 2 20
75 74 41
79 75 98
92 45 33
7 59 43
86 44 79
78 79 70
38 74 0
51 77 51
26 10 39
36 77 50
15 53 69
11 38 97
87 26 72
3 11 64
10 46 78
64 83 17
86 56 95
11 45 73
11 38 99
75 40 33
96 67 3
31 36 72
35 63 4
64 50 35
88 89 49
13 49 12
49 57 52
6 67 51
64 19 92
48 8 0
91 64 6
7 10 72
16 43 12
39 15 77
34 96 60
86 89 74
3 64 49
43 7 26
58 12 17
31 30 42
90 53 69
26 63 48
40 77 59
17 43 58
36 51 53
25 40 92
79 18 41
48 91 58
35 75 56
20 92 81
3 5 7
6 37 62
2 60 24
48 48 66
25 68 51
13 12 93
54 52 72
29 56 66
56 46 1
23 93 75
0 89 23
27 79 93
45 88 49
35 48 70
29 22 99
27 55 89
68 29 85
38 94 16
56 83 6
74 90 63
89 65 76
50 16 27
82 90 18
3 20 22
60 88 54
60 35 5
59 17 80
41 63 70
35 93 11
95 91 92
25 50 11
9 37 4
96 82 16
31 1 86
51 61 5
8 98 8
28 88 61
67 21 17
68 53 62
55 5 8
71 15 58
43 96 51
9 39 47
44 53 38
0 65 19
1 96 74
80 38 72
22 89 83
77 8 6
98 78 30
35 28 10
38 79 76
28 41 34
17 93 93
22 51 49
71 42 76
42 65 23
29 24 22
79 49 79
86 57 73
64 72 3
1 5 55
87 94 44
33 49 31
40 22 13
77 3 25
29 38 54
20 94 85
36 65 55
11 60 76
83 27 37
88 32 1
85 33 37
7 65 67
73 90 1
25 69 93
87 42 6
67 15 15
45 42 60
90 92 17
88 22 63
62 68 54
97 9 38
31 93 91
10 9 2
60 27 53
57 4 47
8 35 7
86 32 38
77 85 63
83 25 98
32 77 29
39 73 86
6 62 30
23 94 92
6 30 46
17 69 65
96 11 96
61 88 40
86 28 99
33 12 38
6 26 23
66 19 12
44 13 74
96 79 93
7 99 36
4 47 97
3 87 50
49 28 49
42 86 52
96 71 56
66 31 44
80 25 85
24 54 3
0 63 86
74 84 30
84 40 88
23 39 37
55 41 40
77 80 10
77 92 3
44 6 59
60 68 45
19 44 49
79 44 14
84 83 37
76 22 78
48 78 88
95 17 17
23 37 92
84 39 60
35 32 95
84 72 79
88 22 46
69 12 35
53 89 97
4 61 68
30 6 41
99 16 78
56 77 23
98 99 56
24 34 4
96 41 94
73 37 74
59 76 45
78 41 88
56 8 12
41 37 22
32 96 67
97 17 93
55 16 12
37 63 34
72 90 13
29 68 89
11 8 27
84 16 85
57 74 37
10 2 24
94 60 93
99 91 1
61 41 98
9 69 70
8 4 11
11 41 2
33 7 83
35 32 72
57 44 38
8 39 22
85 8 99
86 13 49
0 32 70
49 76 70
60 38 27
89 2 45
47 25 22
53 52 83
10 10 6
30 49 44
87 49 24
89 72 57
11 31 72
99 92 37
51 87 42
81 8 58
97 61 93
27 91 75
26 59 72
8 7 96
22 70 47
17 80 84
39 7 56
78 20 35
21 99 46
74 18 65
13 74 78
23 8 98
22 73 93
71 65 77
34 95 11
72 33 73
69 51 59
1 62 50
29 79 80
72 71 44
9 36 38
1 98 86
54 94 88
87 87 77
47 87 70
69 21 64
23 60 58
44 15 95
20 87 34
86 23 2
93 59 53
44 48 62
25 65 15
54 75 87
65 96 20
98 54 11
33 67 99
82 24 39
86 64 42
12 96 87
31 10 46
64 82 37
89 87 96
56 25 16
34 42 58
24 90 28
58 68 81
16 99 52
7 65 18
27 95 7
33 62 91
94 56 11
42 85 42
63 4 44
38 63 42
11 53 76
29 17 64
53 9 83
38 43 18
71 34 16
85 44 73
57 47 45
49 91 12
61 88 50
30 2 22
45 73 55
97 45 14
6 40 0
38 27 16
65 1 90
75 69 97
68 56 43
1 22 87
54 19 10
27 56 1
26 0 76
36 86 59
55 62 56
82 14 45
68 62 1
90 69 24
55 93 12
10 97 71
96 81 87
61 53 8
73 35 26
1 6 97
59 45 52
46 28 2
92 2 45
64 60 86
81 54 66
6 64 71
93 3 99
10 94 33
31 65 5
46 86 28
28 90 97
77 29 40
31 7 48
45 44 31
5 62 22
38 39 48
76 33 4
85 90 88
73 87 67
60 86 62
80 18 1
59 75 2
2 79 66
67 54 79
96 32 66
6 0 62
4 11 59
98 90 66
39 33 61
61 28 24
34 54 86
67 67 0
46 51 73
44 12 10
58 13 63
50 43 90
29 71 91
18 16 59
2 91 26
65 28 36
59 16 84
98 2 99
35 85 57
99 50 98
36 70 13
14 31 67
16 26 2
53 64 54
14 67 99
61 96 57
81 34 23
40 59 7
34 76 29
53 79 18
74 28 16
44 79 9
96 37 14
60 41 77
97 15 87
94 68 75
83 67 73
46 96 88
71 99 99
61 49 21
69 87 79
67 40 76
34 2 79
86 7 25
29 41 25
33 28 9
92 42 92
81 7 94
43 68 61
73 67 98
22 92 41
38 22 42
54 16 73
20 29 40
72 66 88
16 60 79
64 52 86
53 42 69
19 99 19
69 46 62
87 92 71
7 17 22
37 25 16
71 58 58
21 26 54
10 47 4
24 18 65
30 60 48
9 64 91
62 66 15
5 36 28
79 25 73
46 60 56
40 37 75
29 83 98
84 58 72
1 2 63
0 3 81
47 52 28
44 45 14
80 74 83
13 82 54
28 28 35
13 45 74
47 51 14
39 35 62
78 48 5
38 22 94
37 14 62
64 47 67
70 86 90
35 91 51
94 13 94
70 23 69
87 67 90
81 62 18
92 41 61
78 14 99
19 51 85
10 74 31
57 96 50
12 88 26
97 17 58
90 41 43
5 55 34
26 25 90
19 87 67
25 10 21
55 95 29
63 53 44
72 21 23
81 57 57
33 92 34
46 17 90
0 91 77
12 34 10
90 48 80
92 80 82
49 62 53
87 96 91
61 29 15
97 64 6
42 18 49
0 28 19
34 89 30
96 78 91
12 6 34
49 95 24
9 8 91
71 30 66
83 83 28
53 79 97
18 33 84
33 33 2
11 6 32
26 22 93
48 98 72
4 61 59
76 30 85
97 50 48
15 49 52
10 37 75
78 56 56
21 54 23
23 39 60
26 18 62
20 85 36
70 48 4
83 87 9
73 92 38
27 77 36
43 42 57
69 74 84
81 58 78
46 33 41
49 75 70
76 54 52
57 99 27
70 27 43
65 65 28
61 58 18
15 82 83
88 3 94
76 6 83
21 4 80
79 77 16
92 82 90
62 52 71
9 58 89
20 69 54
16 64 13
5 17 6
89 13 6
25 95 76
86 53 92
93 85 43
38 44 34
63 65 4
58 40 69
53 86 67
21 89 60
18 61 20
35 4 78
94 14 90
15 59 39
37 8 84
29 34 7
16 45 71
30 13 57
39 69 53
68 54 97
69 81 41
49 6 19
58 28 16
23 94 72
18 49 29
41 5 98
1 24 5
96 25 89
56 70 35
70 28 87
42 54 70
16 29 0
37 11 47
38 60 38
6 21 61
77 11 51
29 20 80
6 82 65
18 68 21
38 76 89
24 75 47
23 50 34
2 48 75
39 25 8
32 75 61
41 18 53
96 69 20
26 38 15
8 69 67
45 30 50
54 69 67
51 10 60
83 72 23
99 88 46
16 84 51
97 43 96
57 73 82
85 38 98
84 2 85
65 17 63
43 25 5
56 66 37
83 99 37
38 65 95
33 75 26
91 24 13
32 34 1
16 63 65
8 24 56
49 96 50
38 3 8
56 0 59
50 37 23
68 55 52
53 30 29
60 41 96
9 73 64
30 2 55
83 66 82
5 21 88
45 20 36
78 10 71
85 25 17
68 94 98
73 85 85
3 96 76
1 66 54
15 6 99
60 44 54
36 48 21
52 95 0
40 28 2
72 24 12
16 86 51
90 78 37
88 96 21
27 11 91
76 89 20
51 37 16
75 99 49
59 59 65
26 37 34
12 92 77
90 8 56
99 27 25
34 7 95
10 55 26
85 39 99
92 4 89
22 58 48
96 83 71
0 68 13
74 49 85
9 50 43
95 98 19
79 20 29
32 7 26
96 83 11
11 51 41
66 29 43
28 51 39
32 36 79
74 72 46
72 97 36
19 61 56
68 9 46
70 22 97
65 58 21
30 31 99
72 22 75
21 13 48
25 32 56
11 0 12
98 36 21
51 45 39
0 13 77
53 68 58
56 34 94
97 27 34
65 76 12
33 32 56
59 85 78
16 3 50
0 59 76
74 6 8
43 28 14
6 81 42
85 69 7
82 39 10
62 9 25
14 84 96
21 45 56
92 52 72
29 62 59
24 31 20
25 20 33
89 79 9
98 47 34
40 47 43
53 36 23
58 33 86
91 63 87
34 15 98
14 48 84
88 69 88
21 61 54
44 45 85
26 30 8
66 54 16
72 25 79
34 98 75
43 71 44
40 18 27
5 19 47
57 50 29
84 81 32
64 15 23
55 16 96
22 10 49
20 80 26
63 89 57
24 15 8
99 41 3
89 40 57
63 38 30
32 95 88
42 31 23
99 82 2
55 52 74
18 33 39
11 95 36
8 99 71
87 84 62
85 83 66
94 96 35
54 37 25
92 7 52
59 17 9
1 30 84
76 65 92
81 88 11
77 76 95
45 57 74
63 62 47
76 25 5
48 33 97
90 68 50
13 0 50
34 96 93
54 7 1
40 56 58
9 33 13
78 86 19
21 32 15
36 62 91
58 73 97
37 82 77
9 91 49
49 46 57
22 91 82
70 33 38
96 24 87
52 5 21
35 45 7
9 98 43
72 33 1
80 0 89
90 68 81
49 35 66
32 3 58
28 40 77
74 4 7
24 65 88
38 34 30
91 44 9
93 13 38
14 3 12
56 37 74
60 96 17
0 19 59
71 67 28
47 38 0
18 22 66
93 93 96
2 76 78
40 79 26
78 32 5
78 34 21
17 26 28
47 50 31
46 43 75
7 35 27
32 34 27
42 87 88
10 65 9
31 69 8
76 23 32
19 77 88
99 65 97
48 90 32
81 27 80
33 43 95
27 79 89
29 50 57
46 74 34
97 8 4
15 3 52
63 94 64
10 69 64
48 55 21
12 61 22
79 0 64
5 78 38
48 53 49
31 23 44
89 96 67
7 66 15
82 24 21
11 20 35
47 61 81
53 18 78
92 6 47
80 81 62
79 17 57
39 98 9
47 27 65
92 30 56
42 40 68
34 17 81
7 85 49
81 17 11
25 30 1
16 17 63
36 46 0
16 49 12
70 91 21
81 54 12
12 82 73
67 79 49
26 64 53
83 94 7
14 51 84
59 28 95
56 89 97
19 56 17
17 58 67
23 58 82
23 12 36
20 34 14
81 39 10
32 33 82
59 87 8
46 56 83
7 59 78
32 59 44
63 48 39
32 45 44
75 35 59
17 71 18
68 66 62
78 51 72
17 5 54
3 56 6
63 29 98
67 33 36
48 15 19
80 4 89
25 41 48
3 39 19
92 62 28
60 26 83
83 22 19
19 15 15
16 97 2
4 37 58
85 29 48
67 18 39
89 16 98
28 4 49
4 25 33
86 63 31
64 70 20
21 12 5
53 66 5
68 64 10
39 83 51
89 88 41
81 45 71
17 53 58
29 93 70
74 41 54
67 70 58
56 46 44
92 41 0
40 21 68
96 44 65
13 54 30
2 58 70
89 73 5
99 66 70
82 49 92
31 39 6
46 17 60
25 10 45
42 34 31
74 98 64
31 85 87
6 80 1
91 97 65
87 96 47
63 20 88
12 96 18
87 98 97
94 93 28
57 76 0
36 45 34
45 3 83
78 38 67
57 27 96
36 58 48
71 0 37
74 63 70
99 96 20
28 6 74
10 59 45
25 48 91
90 93 88
33 22 33
7 16 53
9 59 78
97 14 50
29 66 30
52 49 9
42 78 41
33 81 96
15 35 58
13 14 54
12 16 12
88 52 35
58 65 62
97 59 35
95 86 98
53 24 74
27 48 65
57 52 72
46 48 24
44 3 81
33 89 53
56 66 99
76 38 25
11 58 88
9 28 98
35 79 5
66 94 62
30 52 39
12 9 1
91 0 55
67 68 80
16 20 22
49 77 63
44 53 56
12 36 92
56 69 14
39 29 33
86 10 2
38 98 83
53 38 21
99 96 33
83 78 92
17 39 68
16 36 79
68 37 73
23 64 26
9 36 58
1 53 8
55 37 39
83 54 5
49 92 72
63 66 99
47 26 9
50 75 18
70 66 55
92 14 53
71 34 47
54 90 66
40 42 53
47 61 81
62 91 46
50 76 38
48 6 67
55 19 10
37 51 89
35 59 42
4 70 10
31 57 93
24 70 8
77 13 82
89 37 55
72 7 88
60 14 56
97 46 52
42 54 78
52 18 23
75 9 39
75 0 93
55 55 76
19 87 4
93 35 27
47 17 52
92 92 95
58 25 55
77 89 60
16 17 61
5 70 34
20 16 2
79 93 85
14 91 65
55 39 57
51 49 70
62 73 86
89 25 50
57 29 5
61 28 6
9 62 61
56 46 58
38 26 7
76 87 53
42 70 88
20 65 29
43 19 55
34 46 98
68 29 39
99 53 88
25 96 15
45 98 60
31 22 98
72 30 19
98 38 13
17 92 88
59 79 98
66 93 96
50 32 90
83 96 68
97 20 55
54 63 66
13 63 28
37 45 96
80 45 73
36 63 61
45 67 97
31 11 81
29 62 58
50 68 23
6 74 5
92 49 43
29 0 33
33 69 81
45 22 97
68 61 80
31 52 84
63 91 47
92 4 32
87 32 79
81 94 27
89 59 35
93 63 69
22 75 78
78 82 13
87 2 18
55 80 30
2 92 43
40 24 20
33 18 3
80 11 59
70 89 33
99 30 36
23 53 18
16 20 5
70 47 61
0 91 93
67 99 97
14 86 14
64 84 23
97 58 44
12 23 39
54 91 29
19 51 31
72 82 76
44 10 0
76 51 89
78 17 11
98 18 79
47 18 50
38 78 88
68 14 74
30 20 42
98 44 38
76 2 11
1 38 83
28 99 63
53 0 15
82 56 59
25 81 90
85 40 13
99 4 89
66 82 30
41 71 50
46 56 95
68 64 96
59 30 20
80 39 45
56 51 51
29 23 15
46 35 12
36 84 36
80 72 14
58 11 81
37 0 81
0 77 6
40 52 13
99 46 17
93 41 27
57 95 2
92 48 97
41 11 67
72 87 21
72 23 96
85 68 66
98 82 40
65 29 39
65 79 72
28 71 79
18 15 46
31 24 10
30 42 56
35 69 7
49 43 67
58 54 6
74 95 98
28 96 19
12 38 27
56 43 71
65 2 31
83 3 61
7 27 77
64 49 59
20 69 82
66 36 77
15 13 57
48 49 6
21 75 12
63 40 6
14 1 59
38 47 25
54 47 66
89 19 2
8 30 25
89 9 9
55 98 41
88 91 0
33 9 35
63 81 5
38 90 87
80 82 9
66 64 74
15 2 84
70 49 23
7 76 30
5 51 71
85 95 61
43 90 21
16 79 62
6 27 14
5 85 14
53 95 68
92 43 55
72 69 40
4 5 60
51 4 41
87 35 10
98 87 5
68 99 40
89 85 37
20 74 1
40 19 31
59 32 68
48 95 71
35 92 66
31 64 88
1 70 48
74 79 80
26 8 18
38 28 40
42 73 98
32 78 16
21 62 75
73 46 49
85 23 60
30 5 56
92 40 41
85 88 4
98 72 64
45 86 60
69 58 50
20 78 5
22 87 25
76 92 5
74 40 50
99 42 61
84 64 37
83 55 99
26 63 89
42 12 55
87 42 41
50 29 14
0 21 6
64 13 39
51 83 47
51 83 85
36 31 13
2 43 41
91 38 46
26 21 8
67 29 59
76 37 52
81 3 76
14 65 65
12 28 97
7 29 10
81 30 43
79 93 52
68 92 11
7 90 48
45 99 52
5 21 30
30 13 65
71 46 11
54 99 82
24 6 64
11 83 33
76 85 88
41 73 13
83 88 39
9 92 71
86 35 97
50 92 27
47 56 71
76 59 14
89 4 0
45 71 97
19 88 78
13 63 32
8 35 32
4 30 37
23 91 34
42 58 41
32 23 18
91 60 26
96 36 44
0 93 65
79 45 46
68 5 78
70 48 76
87 24 60
50 2 95
49 29 3
60 84 92
68 97 62
78 12 89
61 10 68
32 4 50
77 55 66
60 95 89
47 40 81
31 18 3
59 32 68
34 13 66
98 45 31
8 88 23
48 5 49
3 96 96
94 87 93
40 57 29
95 28 9
33 81 36
31 36 76
51 10 67
49 41 20
59 12 71
37 40 39
73 32 98
1 11 87
18 20 17
97 37 11
31 15 13
55 38 39
90 9 32
56 85 95
88 29 1
69 91 54
81 87 40
4 81 6
63 16 4
70 36 5
15 93 14
5 49 97
84 73 60
99 94 22
94 58 7
63 85 88
71 92 24
33 70 81
13 68 96
6 69 32
98 93 69
80 28 87
5 21 86
5 76 64
28 98 33
37 97 82
94 87 9
59 18 43
70 61 30
54 61 53
52 45 67
52 14 30
61 75 10
20 51 39
35 36 88
31 53 94
51 49 67
31 55 19
8 96 46
12 49 83
70 0 88
47 44 94
72 57 7
9 37 55
98 65 43
19 73 70
4 47 10
77 76 70
69 97 60
73 84 23
0 92 58
2 93 1
7 71 87
49 85 12
65 15 75
99 7 0
16 86 71
99 35 8
27 13 66
41 66 4
57 7 94
87 50 22
61 94 24
74 39 82
19 43 68
59 86 59
4 18 80
4 8 22
29 5 50
8 33 66
76 25 65
75 41 41
76 86 70
3 39 73
80 41 57
95 33 88
4 53 40
34 2 58
94 53 64
94 41 96
26 6 50
96 80 40
27 9 94
73 68 62
66 97 46
38 6 11
86 53 86
84 0 99
43 2 73
65 38 64
83 27 41
62 63 42
88 26 95
83 73 79
89 69 81
46 98 97
47 64 5
42 92 96
64 92 98
78 3 21
15 31 80
51 75 73
14 71 42
56 43 33
31 12 98
44 76 24
21 54 94
60 8 2
79 49 69
34 49 14
5 71 16
17 72 88
20 61 32
14 61 87
40 38 24
98 32 4
50 5 15
84 76 0
8 39 93
96 94 43
24 99 1
64 7 73
78 52 93
19 7 38
22 37 69
49 70 49
49 84 63
47 55 43
38 91 15
23 8 80
4 17 11
48 59 7
10 39 26
86 5 51
98 51 48
20 32 82
54 34 80
48 1 81
5 48 87
89 42 32
15 82 80
60 28 33
90 32 17
34 69 67
65 87 20
60 67 93
37 96 32
2 35 11
88 1 79
89 98 34
36 77 83
52 46 93
13 25 78
41 82 43
52 22 87
36 67 23
97 61 28
83 3 87
99 50 2
50 93 47
15 21 26
55 6 89
95 81 44
55 12 97
20 43 42
93 20 88
41 58 62
58 87 25
19 68 70
44 1 74
59 89 12
40 92 4
47 29 96
78 87 95
27 97 47
39 33 7
78 43 88
77 58 94
60 8 80
91 86 66
51 95 91
75 8 42
57 33 90
92 30 46
77 76 61
64 56 25
73 69 66
53 14 36
78 52 48
78 23 82
89 90 59
27 61 6
39 36 2
94 85 97
73 29 96
84 35 62
76 70 90
6 30 28
61 65 13
10 9 19
31 26 27
8 5 92
90 0 59
81 38 19
63 22 23
24 93 33
23 5 80
76 3 65
6 8 27
31 52 87
10 35 76
55 4 21
42 63 53
97 79 46
15 95 16
82 30 65
88 64 11
28 37 66
94 4 39
15 13 34
77 32 77
18 39 18
22 12 6
34 10 83
99 40 73
89 42 13
91 92 77
11 91 31
12 50 63
55 33 74
95 81 36
65 15 85
69 97 30
5 85 72
61 84 40
23 19 5
71 55 59
10 76 39
32 91 2
32 76 36
55 87 26
39 44 98
85 83 71
56 37 29
49 63 12
28 24 27
61 11 3
38 99 66
98 44 37
17 57 73
93 92 6
40 12 95
92 10 35
15 99 44
6 23 90
63 20 93
7 39 34
68 37 92
32 84 20
54 57 9
50 26 34
2 42 18
13 35 73
93 94 9
30 91 19
70 47 82
24 42 50
96 98 66
81 75 36
38 96 85
77 71 57
81 43 46
67 88 59
53 43 54
34 89 18
42 1 1
68 35 16
83 40 37
16 12 59
9 47 55
52 46 73
35 69 79
27 78 98
27 29 19
59 17 75
76 2 68
20 30 26
53 56 34
98 70 4
87 27 67
5 32 70
41 28 45
4 1 44
61 81 29
48 85 65
20 51 57
18 64 62
17 4 84
49 65 60
89 44 98
28 96 81
80 79 98
64 29 33
1 17 40
59 54 52
10 68 6
96 26 9
20 68 46
7 1 20
40 89 40
16 39 57
34 3 76
29 71 16
48 50 92
59 13 96
14 40 80
88 35 46
17 0 86
52 84 16
74 29 11
92 66 55
35 12 74
81 59 45
23 98 71
93 88 15
2 70 97
81 74 28
7 76 25
63 53 62
59 47 96
18 1 57
41 0 79
56 22 39
20 32 19
22 22 68
5 67 95
75 76 54
62 68 89
11 26 62
16 34 31
21 78 33
77 92 29
92 10 42
29 57 12
18 79 64
99 80 71
30 58 41
18 51 29
69 13 97
79 83 58
1 29 36
18 30 29
26 45 60
93 98 81
54 40 46
31 60 17
89 90 29
66 17 68
64 47 48
75 20 73
34 55 35
11 49 7
62 15 27
43 69 7
67 31 83
2 95 52
95 48 54
72 3 42
33 88 45
42 23 84
73 73 11
15 49 72
49 48 18
26 85 10
41 58 74
85 86 87
46 56 81
14 81 95
3 34 37
94 90 86
75 58 99
40 86 91
60 44 15
0 91 99
16 51 1
93 74 62
99 23 75
38 49 34
83 57 15
94 30 75
46 93 9
96 93 36
21 82 68
98 13 29
12 9 38
73 41 95
84 15 20
94 50 29
46 34 43
39 96 39
37 93 55
75 73 18
87 99 29
87 88 50
56 3 68
35 3 14
7 84 52
60 17 36
56 78 30
92 91 67
98 82 65
12 5 63
5 17 9
37 95 36
71 87 0
89 78 69
89 18 76
11 91 35
34 73 53
40 66 14
78 65 80
52 56 16
78 70 86
0 61 44
22 36 24
13 43 76
12 16 5
21 91 0
9 43 39
69 19 82
26 64 60
54 42 58
76 25 72
93 67 87
67 81 88
46 22 66
85 60 6
46 8 21
32 72 34
65 26 5
36 76 55
84 47 44
79 54 83
56 92 61
15 42 72
5 7 62
46 83 60
68 29 33
34 82 94
33 13 69
58 12 88
57 11 10
81 58 49
35 22 10
90 53 99
94 18 53
48 91 80
57 58 82
24 13 38
56 43 3
77 49 3
92 86 48
15 38 48
61 54 77
26 76 41
76 46 75
1 87 42
22 69 95
95 52 17
73 71 93
47 6 4
52 54 67
89 98 93
12 39 29
96 9 99
11 70 77
5 11 83
76 14 97
11 11 70
98 98 74
44 92 98
52 33 79
24 16 35
57 26 94
68 98 13
7 59 77
84 81 8
75 93 27
54 16 40
55 59 52
55 96 48
50 18 20
19 95 2
30 29 73
90 25 84
49 67 42
46 0 26
53 95 52
84 32 16
43 67 65
94 58 4
90 16 82
41 37 55
8 29 27
8 70 62
1 28 98
91 6 73
12 8 65
89 58 77
32 76 51
2 43 16
57 81 29
62 35 68
0 28 86
31 53 32
75 41 47
38 17 32
90 74 39
74 98 47
89 79 46
94 84 60
32 34 11
43 36 46
64 11 83
58 96 60
82 42 88
61 34 10
23 82 98
61 97 23
52 47 38
75 85 95
80 51 63
72 42 87
34 47 46
53 45 98
94 37 4
87 24 38
93 20 98
4 34 39
25 41 1
66 80 5
41 48 31
25 30 24
11 14 47
95 98 70
11 57 48
37 57 84
25 36 44
27 56 17
57 93 19
83 78 54
44 22 0
28 78 63
42 5 89
78 62 83
94 68 43
16 17 40
60 14 53
41 5 15
23 19 1
21 67 36
62 29 89
24 58 8
68 77 7
13 40 65
28 42 41
44 62 29
7 84 81
7 34 29
25 69 32
86 41 97
39 66 42
48 28 8
4 56 29
10 12 3
58 36 65
98 45 8
72 11 19
45 44 73
40 16 29
55 44 14
53 35 55
33 52 4
23 74 93
1 71 75
54 91 23
85 86 29
82 37 23
69 80 40
50 38 89
6 7 43
78 64 87
19 2 67
88 54 18
11 9 54
51 74 47
86 27 82
64 64 54
57 51 5
72 94 42
92 4 27
52 25 33
94 18 12
29 64 74
6 80 29
83 20 30
9 37 20
69 47 87
66 72 70
13 87 36
43 36 40
67 31 44
91 74 87
57 75 75
31 44 97
91 96 31
13 66 53
23 74 32
89 4 36
52 86 13
93 66 81
33 96 49
47 11 29
61 89 48
20 72 18
53 89 81
4 43 80
7 94 38
42 71 27
1 10 91
76 51 15
99 99 11
89 38 86
53 34 50
23 32 14
87 34 20
1 4 10
28 95 57
0 62 48
92 55 62
98 43 69
71 58 97
86 28 62
8 59 68
20 17 60
81 4 25
2 92 44
79 52 85
18 22 53
46 19 83
19 34 58
98 38 54
13 82 6
83 81 42
59 15 63
47 27 47
10 84 78
8 86 38
83 17 93
34 14 10
89 51 19
16 24 51
46 75 43
94 17 22
39 39 52
35 87 96
22 27 40
31 45 69
70 50 38
13 81 11
99 9 96
34 14 70
52 13 66
45 90 75
94 56 87
75 83 73
75 2 5
36 39 43
0 78 98
5 41 69
92 50 33
43 7 75
8 37 75
2 29 78
67 18 7
19 21 68
61 96 58
78 84 67
58 23 18
1 16 64
90 70 24
90 49 76
82 75 85
31 90 72
67 71 75
43 84 18
15 75 63
87 61 9
64 70 96
91 6 20
80 79 93
1 12 82
82 27 97
72 96 11
96 66 39
12 50 85
0 70 92
33 32 9
63 81 20
94 2 2
36 49 21
81 10 30
9 67 17
76 65 6
38 86 30
85 97 10
26 31 23
75 98 45
21 27 78
20 94 79
33 87 76
10 86 89
35 91 45
66 17 86
45 97 26
42 9 26
82 44 2
16 4 60
58 21 33
64 8 66
24 8 93
65 13 85
16 72 57
14 10 14
31 18 73
87 18 90
35 15 50
86 44 95
33 49 43
42 88 79
64 26 56
21 81 98
23 33 61
91 95 92
64 81 71
61 90 78
70 93 87
82 3 59
64 14 9
15 67 16
30 90 2
82 89 43
80 15 34
74 96 95
84 3 45
53 65 26
69 31 92
14 70 19
63 27 60
4 45 67
53 75 34
65 37 66
69 38 38
92 83 77
73 29 37
14 74 2
42 3 59
75 15 54
95 89 98
53 65 19
23 82 34
92 5 2
22 89 99
41 58 42
74 88 54
23 62 10
17 1 78
42 92 63
51 41 33
87 26 13
91 22 7
15 61 12
7 41 25
91 31 25
7 37 36
15 90 17
85 41 62
30 1 17
88 75 0
50 53 67
65 81 37
29 77 97
73 86 68
93 35 90
55 85 98
34 96 18
14 43 6
64 71 77
46 12 3
78 58 42
71 91 35
3 80 24
45 93 24
40 62 32
83 12 68
9 16 87
22 64 7
83 21 59
40 94 40
99 20 47
21 8 88
73 35 61
2 56 41
70 12 92
60 7 15
8 26 83
91 62 82
94 37 32
71 46 44
58 92 94
26 97 52
71 55 36
68 56 47
25 41 26
16 29 30
11 99 39
25 33 37
71 31 72
98 11 43
87 21 5
14 74 68
27 69 66
14 75 32
72 96 3
55 14 66
53 49 30
39 11 21
33 40 92
50 25 19
61 53 69
83 46 64
23 22 3
21 48 1
95 72 64
80 1 42
66 87 69
56 26 82
85 86 37
19 20 43
48 17 22
94 79 44
89 33 63
91 33 61
83 37 83
32 61 77
17 10 88
89 79 96
94 25 26
89 88 96
97 45 15
55 89 2
27 0 15
18 64 59
86 59 73
12 51 45
76 90 97
45 54 43
5 72 33
6 56 71
34 22 77
85 35 78
25 80 68
36 27 47
7 16 34
20 20 14
10 73 77
3 59 16
97 85 68
56 66 89
72 79 64
21 63 45
84 64 52
24 73 74
23 61 35
46 72 56
90 18 27
2 30 18
4 80 70
43 19 72
23 47 79
73 20 94
89 47 81
19 25 37
99 38 64
7 74 27
82 50 86
37 63 40
75 58 66
69 33 5
72 1 97
70 81 33
74 62 84
82 47 45
32 19 95
16 5 19
46 45 80
74 75 74
18 92 65
37 31 72
85 67 41
53 55 23
71 7 74
43 83 53
41 13 46
22 46 3
98 60 25
14 86 22
84 28 16
69 75 51
79 67 77
26 62 94
73 29 54
0 92 78
77 62 60
93 48 17
2 78 66
61 53 58
67 5 44
0 3 37
36 61 76
68 38 87
20 53 25
91 48 83
1 60 3
42 40 49
93 12 32
96 31 72
89 71 17
35 48 20
23 30 77
73 49 42
92 43 4
64 40 41
36 52 12
12 94 40
37 36 67
94 81 18
87 93 38
70 68 81
43 12 82
52 3 89
65 45 33
86 14 96
65 43 54
56 97 64
32 98 47
21 1 16
73 92 6
94 85 49
76 65 47
26 88 85
90 3 56
74 69 40
16 10 28
23 23 27
34 41 87
73 1 43
15 98 22
50 90 0
1 10 49
55 99 25
91 57 71
79 65 55
52 35 10
35 52 89
76 0 59
79 55 7
51 79 6
77 60 99
14 52 91
93 98 23
97 87 95
28 7 66
92 98 60
99 22 5
46 9 27
20 86 90
49 5 8
70 27 4
19 58 73
13 66 20
75 43 94
33 80 1
1 98 97
31 56 50
20 37 3
2 32 70
95 89 89
49 9 40
39 83 45
17 11 77
91 21 37
66 24 16
31 40 66
38 2 41
64 43 26
73 24 54
7 32 26
38 61 87
39 47 82
27 61 55
81 50 47
2 88 51
40 1 35
51 7 2
41 79 54
72 96 95
96 95 59
50 5 28
27 49 15
28 7 39
12 24 1
39 95 25
13 44 12
88 3 96
9 62 11
37 54 5
87 15 51
97 57 50
99 83 58
82 43 87
98 72 44
73 97 59
83 56 49
78 95 64
62 44 94
32 61 89
76 80 51
98 94 93
70 63 52
9 27 46
89 79 18
28 59 44
2 26 67
55 52 11
38 77 48
65 27 64
57 37 30
17 43 33
54 55 59
84 52 66
38 5 44
39 3 49
39 68 50
66 76 82
9 21 3
40 74 96
31 21 9
77 76 34
18 60 61
38 33 44
14 37 22
38 51 5
83 53 88
35 49 82
82 2 36
74 89 70
93 42 92
68 41 48
96 74 13
35 91 8
30 97 93
4 23 37
98 69 69
34 88 77
56 62 37
60 43 99
64 96 50
53 47 0
92 70 17
24 79 27
97 9 67
23 41 34
52 59 41
93 84 9
7 34 23
75 92 1
26 43 88
48 22 62
74 28 59
79 60 38
54 43 24
22 98 19
40 53 23
26 14 91
96 1 18
32 93 26
21 47 84
57 2 21
13 82 81
45 5 81
55 5 1
87 40 53
19 72 85
33 11 3
73 27 29
21 67 15
85 50 54
8 23 74
56 18 40
86 68 37
27 25 1
2 17 68
61 15 66
97 67 13
24 86 31
38 65 10
16 76 60
34 93 11
55 26 6
21 31 46
66 73 25
72 6 15
57 87 0
49 60 5
66 36 2
96 22 48
32 75 75
54 29 72
23 16 98
8 6 78
90 54 65
61 40 99
43 88 46
16 78 10
20 94 64
54 69 2
53 81 29
24 69 65
66 70 56
12 25 48
37 24 62
57 36 14
69 25 0
65 83 24
63 58 25
53 92 37
90 85 59
10 24 28
58 71 34
20 76 5
75 91 41
38 50 37
34 66 9
68 85 82
79 82 65
94 82 4
1 7 61
52 42 75
14 23 77
30 45 88
44 34 68
87 92 45
62 19 56
43 13 88
59 98 17
48 65 64
65 15 14
10 45 20
57 20 43
21 22 32
25 7 47
15 18 75
26 57 75
55 69 83
89 46 41
6 87 36
40 4 52
74 19 59
73 81 29
2 14 3
76 23 61
19 90 24
60 62 55
91 6 93
82 3 76
55 94 28
6 88 71
73 1 84
44 44 67
53 46 25
49 99 58
86 28 37
49 26 16
83 88 55
63 59 36
82 86 94
73 67 1
12 18 71
56 38 13
20 62 26
1 71 73
81 1 61
5 20 96
27 1 67
70 16 36
16 98 51
84 63 64
13 49 66
14 64 46
58 45 47
10 96 65
64 25 13
62 54 96
50 99 83
30 79 97
51 64 92
33 4 5
9 53 35
5 57 56
56 54 74
6 48 83
63 58 95
46 87 79
2 20 20
37 95 67
73 7 8
11 69 2
21 46 71
84 22 23
19 58 25
26 7 60
84 78 90
95 30 76
3 46 47
47 66 57
62 80 47
29 23 99
49 79 99
95 75 84
98 20 27
83 57 3
2 22 10
16 77 91
9 41 4
60 99 43
43 29 78
99 57 84
22 83 60
61 93 49
6 29 59
16 93 87
37 47 74
96 61 40
19 22 7
38 43 75
79 65 54
77 31 56
24 50 68
82 81 24
93 63 63
69 35 4
3 40 25
51 93 5
51 98 33
43 29 40
64 47 30
53 99 66
61 63 78
68 40 97
7 60 36
95 2 84
21 53 86
33 15 67
75 99 11
75 27 13
92 96 8
5 15 78
86 52 56
20 7 25
59 31 32
45 30 70
11 64 3
2 16 21
14 73 6
86 28 60
73 11 48
92 98 17
12 7 67
30 66 95
99 61 67
65 88 75
39 82 1
63 54 27
95 65 44
24 78 63
15 62 31
50 74 13
93 49 63
15 23 72
48 79 45
13 85 71
80 53 95
86 59 43
84 61 98
48 0 83
65 33 66
63 57 26
42 92 14
52 71 77
74 92 7
75 61 86
46 63 67
85 21 48
73 44 20
49 5 12
24 57 13
8 79 94
26 35 90
2 25 3
76 91 69
64 55 36
60 50 16
75 45 2
98 35 0
38 28 94
42 20 80
48 18 36
7 3 61
67 48 15
17 85 84
40 51 96
36 23 48
92 34 7
23 73 38
67 4 50
77 20 32
79 55 37
46 97 27
25 14 58
36 59 43
13 25 88
38 82 78
51 25 46
44 15 95
53 73 94
69 7 33
41 47 79
33 67 70
33 11 14
93 31 50
1 80 88
5 80 80
83 63 16
55 37 60
53 54 48
24 95 86
81 85 95
23 24 2
96 48 4
20 11 74
36 38 53
96 8 20
39 92 65
99 29 26
86 7 31
60 15 64
48 91 61
42 96 4
5 29 81
47 67 39
57 89 98
32 98 51
4 94 46
21 28 78
66 3 90
48 91 94
65 29 94
91 57 2
65 74 84
74 92 60
86 96 31
84 92 84
79 86 15
67 18 80
45 90 92
18 37 40
54 39 28
69 79 30
93 36 23
6 50 1
54 56 38
46 59 92
40 16 55
85 11 93
84 76 99
25 88 90
64 60 45
48 50 86
6 95 19
49 30 2
69 14 81
55 26 18
16 80 3
61 24 4
18 41 73
68 62 11
61 87 28
76 29 91
52 12 84
8 69 35
54 77 35
29 9 45
85 27 67
6 68 15
89 73 13
46 80 80
15 87 24
93 16 81
65 82 87
33 12 58
77 74 32
84 59 90
89 17 56
12 28 63
19 14 47
24 98 55
18 30 31
0 34 57
17 20 44
38 20 57
62 82 90
88 84 19
91 79 95
13 5 86
49 72 56
59 11 6
92 20 16
71 30 43
51 18 17
50 24 68
25 64 28
25 54 12
65 81 43
22 67 31
67 27 65
32 44 46
91 92 9
83 21 83
50 79 45
19 18 21
52 57 28
1 1 59
12 68 84
82 22 35
60 16 9
58 53 76
79 53 99
51 16 79
85 86 4
4 62 78
