2 2 11 15
1 9 7 17
12 3 6 21
22 0 0 22
4 14 5 23
15 11 1 27
24 4 5 33
12 15 6 33
1 32 1 34
10 19 6 35
8 4 26 38
4 19 15 38
8 23 9 40
6 3 31 40
8 16 18 42
22 3 17 42
9 14 22 45
9 37 0 46
6 10 31 47
11 24 13 48
0 35 13 48
0 30 19 49
3 18 28 49
31 1 18 50
3 34 13 50
21 17 12 50
30 5 15 50
24 16 11 51
36 10 6 52
1 7 45 53
2 11 41 54
32 6 16 54
24 11 19 54
53 2 0 55
7 0 48 55
45 10 0 55
10 29 17 56
7 4 46 57
15 15 27 57
6 3 48 57
23 5 30 58
29 10 19 58
20 26 12 58
24 15 19 58
31 7 21 59
17 40 2 59
46 3 10 59
6 22 32 60
10 6 44 60
18 16 27 61
10 4 49 63
6 52 6 64
8 26 32 66
17 0 49 66
9 34 23 66
5 44 17 66
31 30 7 68
10 52 6 68
41 21 7 69
36 6 27 69
7 36 26 69
35 31 3 69
44 5 21 70
31 38 1 70
25 15 31 71
27 1 43 71
22 14 35 71
6 46 20 72
4 28 40 72
9 8 55 72
8 25 40 73
1 16 57 74
8 14 52 74
53 10 11 74
5 10 59 74
1 23 50 74
40 26 9 75
32 7 36 75
52 19 4 75
5 44 27 76
3 50 23 76
50 22 5 77
42 5 30 77
6 12 59 77
30 22 26 78
30 42 6 78
13 50 16 79
59 0 20 79
9 36 34 79
61 13 5 79
30 3 47 80
49 26 5 80
0 59 21 80
68 9 3 80
50 23 7 80
0 31 49 80
13 20 48 81
44 33 4 81
10 18 53 81
32 10 39 81
12 55 14 81
33 13 35 81
9 41 33 83
29 8 47 84
81 0 3 84
3 16 65 84
23 21 41 85
75 3 7 85
34 1 50 85
10 74 1 85
21 13 51 85
2 55 29 86
25 29 32 86
27 7 52 86
9 27 50 86
21 11 54 86
50 15 21 86
19 4 64 87
10 64 13 87
3 3 81 87
28 32 27 87
72 5 11 88
24 61 3 88
5 25 58 88
17 20 52 89
21 21 47 89
72 10 7 89
20 60 9 89
7 63 19 89
64 7 18 89
33 54 2 89
13 4 72 89
8 57 25 90
10 12 68 90
35 41 14 90
14 61 16 91
21 29 41 91
74 6 11 91
34 16 41 91
29 57 5 91
50 15 26 91
34 19 39 92
0 26 66 92
13 1 78 92
20 28 44 92
76 15 1 92
57 1 35 93
1 36 56 93
48 43 2 93
30 29 34 93
26 59 8 93
50 40 4 94
6 4 84 94
51 25 18 94
5 61 28 94
13 41 40 94
6 5 84 95
56 9 30 95
11 20 64 95
17 40 38 95
26 13 56 95
59 6 30 95
38 57 0 95
47 26 23 96
29 22 45 96
42 44 10 96
3 43 50 96
22 61 13 96
4 68 25 97
52 37 8 97
38 39 20 97
35 40 22 97
1 46 51 98
32 49 17 98
31 57 10 98
80 10 8 98
81 17 0 98
40 19 39 98
28 44 27 99
55 27 17 99
29 42 28 99
4 50 46 100
21 66 13 100
44 30 26 100
40 49 11 100
6 65 30 101
58 17 26 101
80 7 14 101
20 45 36 101
26 5 70 101
32 26 44 102
11 30 61 102
6 71 25 102
13 78 11 102
17 74 11 102
2 59 41 102
12 48 43 103
35 59 9 103
55 29 19 103
60 7 36 103
22 1 80 103
27 72 4 103
7 23 73 103
18 34 52 104
39 14 51 104
39 7 58 104
41 9 54 104
6 51 47 104
68 22 14 104
31 58 15 104
16 12 76 104
3 36 66 105
37 20 48 105
5 94 6 105
20 23 62 105
43 41 21 105
13 6 87 106
39 24 43 106
2 87 17 106
58 37 11 106
95 0 11 106
27 78 1 106
7 95 4 106
16 20 70 106
10 97 0 107
73 3 31 107
80 19 8 107
49 8 50 107
30 5 73 108
55 4 49 108
18 56 34 108
33 41 34 108
62 16 30 108
45 2 61 108
45 52 11 108
35 63 11 109
26 9 74 109
16 48 45 109
5 93 11 109
56 9 44 109
74 5 30 109
48 13 49 110
1 83 26 110
64 0 46 110
24 31 55 110
37 2 71 110
20 41 49 110
16 78 16 110
34 19 57 110
3 38 70 111
27 20 64 111
6 49 56 111
10 35 66 111
70 35 6 111
56 15 41 112
17 55 40 112
10 32 70 112
18 61 33 112
53 27 32 112
67 1 44 112
29 56 27 112
45 30 38 113
30 5 78 113
20 50 43 113
16 40 57 113
39 19 55 113
65 35 13 113
47 52 14 113
48 2 64 114
42 11 61 114
49 38 27 114
9 63 42 114
18 8 88 114
52 49 14 115
36 33 46 115
34 13 68 115
33 55 27 115
52 56 7 115
57 4 55 116
77 27 12 116
75 23 18 116
35 31 50 116
48 1 67 116
93 2 21 116
84 24 8 116
69 5 42 116
1 60 55 116
51 20 45 116
45 29 43 117
17 14 86 117
53 56 8 117
45 44 28 117
31 0 86 117
16 79 23 118
55 49 14 118
68 16 34 118
18 92 8 118
48 8 62 118
23 71 24 118
71 35 12 118
54 25 39 118
48 70 1 119
32 57 30 119
41 16 62 119
21 32 66 119
41 51 28 120
43 77 0 120
18 73 29 120
10 90 20 120
98 14 8 120
27 63 30 120
43 68 9 120
43 35 42 120
50 56 14 120
37 39 44 120
52 69 0 121
27 60 34 121
3 34 84 121
63 5 53 121
44 12 65 121
1 71 49 121
36 32 53 121
95 0 26 121
33 85 4 122
48 19 55 122
22 18 82 122
9 74 39 122
58 57 7 122
91 16 15 122
73 14 35 122
1 37 85 123
56 50 17 123
56 35 33 124
26 12 86 124
67 20 37 124
46 56 22 124
20 90 14 124
48 43 33 124
12 69 43 124
89 18 17 124
14 54 56 124
80 2 42 124
38 60 27 125
73 10 42 125
75 47 3 125
84 36 5 125
33 0 92 125
44 1 80 125
11 70 44 125
61 44 20 125
74 51 0 125
19 88 18 125
1 60 65 126
17 79 30 126
16 16 94 126
16 32 78 126
33 50 44 127
55 7 65 127
1 79 47 127
36 36 55 127
60 48 19 127
22 97 8 127
32 44 51 127
70 30 27 127
94 6 28 128
44 34 50 128
84 15 29 128
93 13 22 128
63 22 43 128
33 87 8 128
5 69 54 128
31 65 32 128
68 20 40 128
55 30 43 128
17 51 61 129
87 20 22 129
58 55 16 129
42 37 50 129
38 31 60 129
1 40 88 129
43 65 22 130
8 31 91 130
52 25 53 130
3 93 34 130
15 55 60 130
41 8 81 130
1 62 67 130
55 54 21 130
22 14 95 131
5 98 28 131
32 22 77 131
46 64 21 131
67 36 28 131
53 66 12 131
8 29 94 131
3 92 36 131
48 32 52 132
39 50 43 132
76 49 7 132
38 35 59 132
96 2 34 132
71 15 46 132
20 62 50 132
14 48 71 133
16 21 96 133
67 57 9 133
11 74 48 133
33 81 19 133
4 90 39 133
34 98 1 133
83 19 31 133
55 39 40 134
37 91 6 134
17 89 28 134
21 35 78 134
29 47 58 134
76 46 12 134
42 59 33 134
96 5 34 135
36 60 39 135
40 78 17 135
2 58 75 135
48 46 41 135
59 5 72 136
58 22 56 136
57 14 65 136
47 38 51 136
11 62 63 136
1 71 64 136
98 12 26 136
6 58 72 136
97 2 37 136
38 90 9 137
29 64 44 137
88 47 2 137
30 8 99 137
70 50 17 137
76 25 36 137
34 62 41 137
94 19 24 137
4 86 47 137
48 48 42 138
18 26 94 138
8 41 89 138
24 55 59 138
37 21 80 138
14 77 47 138
98 32 8 138
87 31 21 139
59 53 27 139
13 74 52 139
69 20 50 139
27 60 52 139
94 33 12 139
37 7 95 139
42 44 53 139
30 79 30 139
43 19 77 139
29 32 78 139
11 65 63 139
20 89 31 140
30 20 90 140
35 57 48 140
8 94 38 140
79 29 32 140
97 33 10 140
75 34 32 141
60 17 64 141
3 95 43 141
7 49 85 141
26 40 75 141
14 37 90 141
25 65 51 141
52 42 47 141
23 88 30 141
82 19 40 141
54 53 34 141
41 61 40 142
89 1 52 142
84 25 33 142
41 22 79 142
89 18 35 142
12 86 44 142
61 42 39 142
54 31 58 143
44 75 24 143
73 33 37 143
79 1 63 143
71 9 63 143
86 35 22 143
27 25 92 144
53 86 5 144
37 43 64 144
22 85 37 144
59 67 19 145
66 53 26 145
94 29 22 145
14 65 66 145
40 72 34 146
59 8 79 146
17 30 99 146
94 31 21 146
10 68 69 147
54 18 75 147
22 98 27 147
94 8 45 147
4 90 53 147
96 49 2 147
27 98 23 148
48 81 19 148
58 26 64 148
56 75 17 148
37 93 19 149
18 82 49 149
52 66 31 149
78 6 65 149
52 49 48 149
60 60 29 149
81 59 10 150
47 52 51 150
23 70 57 150
83 37 30 150
82 37 31 150
84 60 6 150
99 6 45 150
54 20 77 151
61 60 30 151
70 33 48 151
4 77 70 151
73 3 75 151
59 15 77 151
28 96 27 151
64 2 85 151
81 62 8 151
28 72 51 151
61 47 44 152
93 47 12 152
7 64 81 152
30 65 58 153
82 59 12 153
80 43 30 153
86 59 8 153
72 54 27 153
30 75 49 154
86 7 61 154
77 63 14 154
23 35 96 154
4 90 60 154
88 62 4 154
45 57 52 154
20 89 45 154
42 52 60 154
57 92 5 154
93 21 40 154
64 60 30 154
35 40 79 154
16 49 90 155
68 43 44 155
0 81 74 155
87 56 12 155
57 33 65 155
60 14 81 155
48 90 17 155
83 57 15 155
16 77 63 156
96 3 57 156
31 26 99 156
71 74 11 156
57 24 75 156
24 63 69 156
96 14 46 156
38 74 44 156
17 90 50 157
9 96 52 157
55 83 19 157
44 40 73 157
23 99 35 157
72 26 59 157
67 0 90 157
76 64 17 157
80 60 18 158
48 39 71 158
29 84 45 158
31 44 83 158
58 95 5 158
96 16 46 158
41 75 42 158
6 56 96 158
58 67 34 159
41 35 83 159
90 24 45 159
36 60 64 160
24 40 96 160
91 64 5 160
69 0 91 160
28 83 49 160
83 12 65 160
10 87 64 161
90 51 20 161
88 69 4 161
85 23 53 161
75 85 1 161
55 72 34 161
2 61 98 161
83 59 20 162
55 61 46 162
58 8 96 162
71 76 15 162
98 59 5 162
62 11 89 162
57 49 56 162
55 58 49 162
17 97 48 162
82 16 64 162
61 89 12 162
45 77 41 163
54 42 67 163
64 40 59 163
76 3 84 163
78 54 31 163
87 39 37 163
55 61 47 163
34 56 74 164
94 49 21 164
38 50 76 164
86 71 7 164
31 52 81 164
4 99 61 164
22 56 86 164
27 42 95 164
68 84 12 164
97 21 46 164
83 69 12 164
47 92 25 164
46 91 28 165
61 83 21 165
54 91 20 165
55 83 27 165
95 63 7 165
16 69 80 165
49 52 64 165
75 30 61 166
64 46 56 166
46 76 44 166
84 21 61 166
15 63 88 166
70 59 37 166
47 46 73 166
48 48 70 166
11 87 68 166
61 61 45 167
48 98 21 167
54 63 50 167
15 70 82 167
65 32 70 167
92 48 27 167
52 20 95 167
80 4 83 167
17 77 74 168
39 69 60 168
59 86 23 168
58 51 59 168
86 18 64 168
59 15 95 169
36 70 63 169
82 86 1 169
39 58 72 169
55 64 50 169
89 19 61 169
88 21 61 170
44 85 41 170
40 54 76 170
27 46 97 170
94 27 49 170
48 42 80 170
88 43 39 170
63 59 48 170
20 82 68 170
74 43 54 171
75 89 7 171
93 27 51 171
83 85 3 171
61 77 33 171
64 87 20 171
55 63 53 171
58 48 66 172
89 44 39 172
88 52 32 172
52 56 64 172
73 59 40 172
23 68 81 172
39 66 67 172
77 40 56 173
38 89 46 173
78 57 38 173
61 91 21 173
51 80 42 173
53 90 30 173
72 77 25 174
64 86 24 174
79 32 63 174
2 77 95 174
61 31 82 174
86 40 48 174
66 64 44 174
80 88 6 174
35 81 58 174
32 47 95 174
2 90 83 175
87 17 71 175
31 73 71 175
87 15 73 175
56 57 62 175
62 32 81 175
48 86 42 176
66 35 75 176
97 13 66 176
48 77 52 177
60 35 82 177
78 67 33 178
89 52 37 178
61 80 37 178
70 66 42 178
15 92 71 178
78 56 44 178
85 66 27 178
69 36 73 178
43 57 79 179
88 65 26 179
44 88 47 179
1 79 99 179
41 74 64 179
88 26 65 179
50 34 96 180
66 21 93 180
83 22 75 180
51 71 58 180
93 71 16 180
35 61 84 180
79 55 46 180
53 75 52 180
48 53 80 181
0 89 92 181
37 58 86 181
86 55 40 181
63 46 72 181
73 28 80 181
81 12 88 181
44 52 86 182
19 70 93 182
86 63 33 182
5 99 78 182
62 93 27 182
37 93 52 182
36 83 63 182
87 5 90 182
49 89 45 183
50 61 72 183
91 7 85 183
9 91 83 183
78 19 86 183
41 54 88 183
35 55 93 183
64 55 65 184
84 55 45 184
43 79 62 184
78 59 47 184
98 57 29 184
38 89 58 185
46 66 73 185
69 19 97 185
70 33 82 185
58 57 70 185
90 58 37 185
67 73 45 185
8 92 85 185
73 80 32 185
90 9 86 185
21 78 87 186
83 31 72 186
47 84 55 186
33 93 60 186
1 95 90 186
69 37 80 186
67 55 64 186
95 59 33 187
31 99 57 187
77 82 28 187
99 11 77 187
15 78 94 187
83 67 38 188
75 82 31 188
85 99 5 189
92 61 36 189
71 87 31 189
43 51 95 189
75 46 68 189
27 83 80 190
94 80 16 190
32 81 77 190
38 58 94 190
68 43 79 190
85 35 70 190
67 45 79 191
33 62 96 191
78 81 32 191
60 89 42 191
93 11 87 191
74 83 34 191
27 88 76 191
96 1 94 191
41 69 81 191
34 82 76 192
6 93 93 192
95 33 64 192
83 18 91 192
64 59 69 192
89 19 84 192
43 60 89 192
92 8 93 193
60 89 44 193
56 59 78 193
76 50 67 193
58 47 89 194
90 56 48 194
81 79 34 194
88 22 85 195
97 72 26 195
57 57 81 195
97 61 37 195
58 74 63 195
96 71 28 195
76 88 32 196
64 66 66 196
51 78 67 196
91 86 20 197
93 52 52 197
72 49 76 197
10 96 91 197
42 98 57 197
25 92 80 197
72 95 31 198
91 14 93 198
72 56 70 198
62 38 98 198
77 47 75 199
57 68 74 199
88 92 19 199
62 96 41 199
86 33 80 199
83 53 63 199
66 83 52 201
67 65 69 201
62 82 57 201
65 83 53 201
63 50 88 201
85 51 65 201
43 61 97 201
97 23 82 202
17 92 93 202
92 18 92 202
97 93 12 202
72 63 67 202
85 92 26 203
53 81 69 203
65 85 53 203
94 13 97 204
32 80 92 204
91 19 94 204
65 84 55 204
69 91 45 205
31 95 79 205
98 98 9 205
76 52 77 205
16 93 97 206
99 23 84 206
83 96 27 206
98 88 20 206
80 50 76 206
63 65 78 206
36 75 96 207
76 48 83 207
89 70 48 207
82 69 56 207
53 86 68 207
63 68 76 207
37 87 83 207
88 46 73 207
43 82 82 207
40 73 95 208
26 97 85 208
55 62 91 208
78 88 43 209
43 68 98 209
97 20 92 209
97 35 77 209
90 49 71 210
96 30 85 211
67 65 79 211
23 98 91 212
91 76 45 212
71 59 82 212
62 72 78 212
88 74 50 212
66 55 91 212
80 47 86 213
62 90 61 213
90 39 84 213
32 92 90 214
74 58 82 214
39 96 79 214
41 96 77 214
76 89 49 214
92 38 84 214
43 77 94 214
70 72 72 214
51 91 73 215
89 84 42 215
89 43 83 215
81 49 86 216
76 53 87 216
54 83 79 216
75 79 63 217
27 93 97 217
89 83 46 218
84 57 77 218
92 58 68 218
73 50 96 219
96 95 28 219
69 61 90 220
45 88 87 220
39 94 87 220
94 59 67 220
82 70 69 221
66 76 79 221
73 51 97 221
69 85 67 221
91 70 61 222
65 81 76 222
86 78 59 223
79 57 88 224
66 75 83 224
55 97 72 224
55 82 88 225
92 34 99 225
56 91 79 226
78 65 85 228
85 69 75 229
58 74 97 229
67 94 70 231
57 97 77 231
84 91 56 231
86 58 87 231
94 52 86 232
64 84 84 232
91 82 59 232
75 79 79 233
91 83 59 233
59 91 84 234
69 78 87 234
90 47 98 235
66 96 74 236
70 84 82 236
97 75 65 237
95 75 67 237
69 72 97 238
68 78 92 238
58 87 93 238
99 90 50 239
92 56 91 239
87 63 91 241
94 75 73 242
93 96 53 242
87 72 83 242
84 68 90 242
72 80 91 243
91 85 67 243
70 99 76 245
94 97 57 248
89 60 99 248
95 57 97 249
78 85 86 249
96 84 69 249
74 98 77 249
80 96 74 250
83 94 75 252
79 97 77 253
74 95 84 253
66 91 98 255
92 84 82 258
94 79 86 259
97 77 88 262
93 90 80 263
85 84 96 265
92 89 84 265
86 92 88 266
77 91 98 266
75 96 97 268
98 99 79 276
87 97 92 276
Time Taken for sorting (insertion) 1000 rows: 99083700 Nano secs