3 7 10 20
17 14 9 40
15 19 9 43
38 12 12 62
23 4 37 64
14 14 40 68
40 15 24 79
21 30 30 81
9 61 11 81
12 34 40 86
14 4 71 89
13 64 15 92
2 57 34 93
23 15 55 93
13 53 27 93
13 57 27 97
67 6 26 99
23 47 32 102
8 61 33 102
32 31 40 103
36 29 39 104
11 39 59 109
26 38 47 111
50 2 61 113
0 28 86 114
29 25 60 114
40 41 34 115
41 77 1 119
5 68 46 119
28 77 20 125
57 53 19 129
2 30 98 130
37 3 91 131
17 65 49 131
81 3 47 131
92 33 7 132
37 19 78 134
12 50 73 135
32 77 26 135
35 25 75 135
28 22 86 136
2 46 89 137
31 49 60 140
4 92 46 142
49 30 63 142
36 83 25 144
65 44 35 144
25 89 32 146
53 74 23 150
36 34 80 150
78 46 26 150
87 43 21 151
81 14 60 155
27 91 39 157
63 39 59 161
42 90 31 163
44 31 89 164
41 54 71 166
22 66 79 167
39 58 71 168
74 81 13 168
44 33 91 168
9 87 75 171
46 83 42 171
44 96 33 173
61 77 36 174
54 59 62 175
68 87 20 175
87 61 28 176
99 28 49 176
67 43 67 177
52 45 80 177
94 50 36 180
83 32 65 180
63 41 79 183
95 5 84 184
83 29 72 184
53 93 40 186
80 38 75 193
29 88 76 193
51 81 67 199
29 97 74 200
99 46 55 200
33 94 73 200
88 77 37 202
56 99 51 206
64 82 61 207
97 66 46 209
64 93 54 211
87 83 43 213
79 35 99 213
73 80 62 215
43 97 75 215
96 67 53 216
92 69 56 217
56 93 69 218
29 99 90 218
83 60 76 219
39 94 87 220
90 97 57 244
Time Taken for sorting (insertion) 100 rows: 997300 Nano secs