3 5 7 15
1 4 10 15
2 14 3 19
10 9 2 21
12 9 1 22
9 11 2 22
11 0 12 23
8 4 11 23
10 12 3 25
10 10 6 26
0 21 6 27
7 1 20 28
5 17 6 28
14 3 12 29
3 8 19 30
1 24 5 30
2 25 3 30
14 8 9 31
5 17 9 31
9 9 14 32
2 26 4 32
4 17 11 32
0 10 23 33
12 16 5 33
9 21 3 33
4 8 22 34
18 15 1 34
8 5 21 34
2 22 10 34
10 2 24 36
7 27 2 36
12 24 1 37
10 9 19 38
14 10 14 38
21 1 16 38
20 16 2 38
21 12 5 38
4 4 31 39
2 16 21 39
22 12 6 40
12 16 12 40
20 10 10 40
16 5 19 40
0 3 37 40
16 20 5 41
1 8 32 41
6 35 0 41
6 8 27 41
27 0 15 42
37 4 1 42
33 4 5 42
2 20 20 42
20 18 4 42
23 19 1 43
13 12 19 44
1 0 43 44
16 26 2 44
15 8 21 44
42 1 1 44
10 26 8 44
30 3 12 45
3 20 22 45
16 29 0 45
6 40 0 46
7 17 22 46
7 29 10 46
11 8 27 46
6 27 14 47
0 28 19 47
33 11 3 47
1 20 26 47
24 15 8 47
17 15 15 47
23 19 5 47
30 1 17 48
2 35 11 48
23 22 3 48
19 22 7 48
11 6 32 49
25 23 1 49
4 23 22 49
38 3 8 49
21 9 19 49
4 1 44 49
19 15 15 49
23 24 2 49
2 30 18 50
9 37 4 50
8 35 7 50
4 19 27 50
15 11 24 50
16 4 31 51
24 17 10 51
19 19 14 52
31 18 3 52
12 6 34 52
8 26 18 52
35 11 6 52
35 3 14 52
26 8 18 52
30 3 19 52
20 7 25 52
27 25 1 53
1 48 4 53
20 20 14 54
34 2 18 54
44 10 0 54
10 40 4 54
30 2 22 54
9 41 4 54
33 18 3 54
16 10 28 54
11 41 2 54
46 1 8 55
6 26 23 55
9 33 13 55
38 6 11 55
18 20 17 55
26 21 8 55
48 8 0 56
7 14 35 56
15 33 8 56
25 10 21 56
12 34 10 56
25 30 1 56
6 7 43 56
5 21 30 56
21 31 5 57
53 2 2 57
12 30 15 57
47 6 4 57
7 16 34 57
6 50 1 57
16 20 22 58
34 14 10 58
4 51 3 58
1 51 6 58
1 17 40 58
33 11 14 58
17 10 31 58
13 5 40 58
19 18 21 58
31 15 13 59
12 9 38 59
16 4 39 59
51 7 2 60
32 27 1 60
24 32 4 60
2 0 58 60
11 18 31 60
1 10 49 60
20 37 3 60
31 21 9 61
10 47 4 61
3 22 36 61
1 5 55 61
2 43 16 61
41 5 15 61
4 47 10 61
3 39 19 61
46 12 3 61
55 5 1 61
1 1 59 61
54 7 1 62
4 25 33 62
1 53 8 62
29 0 33 62
15 21 26 62
15 13 34 62
2 42 18 62
17 30 15 62
49 5 8 62
10 24 28 62
11 18 33 62
24 34 4 62
20 21 22 63
13 0 50 63
8 30 25 63
25 7 31 63
14 43 6 63
31 14 18 63
48 0 16 64
19 7 38 64
6 30 28 64
8 29 27 64
8 34 22 64
44 17 3 64
1 60 3 64
4 23 37 64
7 34 23 64
10 17 37 64
26 30 8 64
32 7 26 65
3 56 6 65
31 24 10 65
7 32 26 65
20 9 36 65
19 42 4 65
16 32 18 66
1 29 36 66
44 22 0 66
1 2 63 66
55 8 3 66
44 12 10 66
9 37 20 66
11 20 35 66
49 5 12 66
40 16 11 67
32 34 1 67
11 49 7 67
35 22 10 67
25 41 1 67
23 5 39 67
29 23 15 67
21 32 15 68
20 34 14 68
16 0 52 68
33 33 2 68
6 0 62 68
53 0 15 68
16 51 1 68
55 5 8 68
42 25 1 68
3 40 25 68
7 35 27 69
5 38 26 69
17 27 25 69
16 3 50 69
8 39 22 69
13 44 12 69
5 36 28 69
23 32 14 69
18 12 39 69
36 0 33 69
1 7 61 69
14 24 31 69
4 20 45 69
4 40 25 69
4 5 60 69
21 48 1 70
15 3 52 70
29 34 7 70
40 28 2 70
7 34 29 70
60 8 2 70
24 5 41 70
50 5 15 70
33 28 9 70
17 26 28 71
20 32 19 71
9 53 9 71
38 26 7 71
5 19 47 71
23 12 36 71
8 10 53 71
4 30 37 71
39 11 21 71
22 46 3 71
16 43 12 71
7 3 61 71
16 47 8 71
46 0 26 72
11 14 47 72
7 51 14 72
39 25 8 72
26 11 35 72
15 0 57 72
35 37 0 72
22 28 22 72
16 17 40 73
23 23 27 73
32 38 3 73
14 37 22 73
7 41 25 73
32 23 18 73
35 28 10 73
10 60 3 73
43 25 5 73
33 32 9 74
14 1 59 74
47 8 19 74
30 20 24 74
15 18 41 74
49 6 19 74
4 11 59 74
13 49 12 74
28 7 39 74
14 49 11 74
11 9 54 74
3 34 37 74
5 7 62 74
12 23 39 74
16 29 30 75
10 39 26 75
0 62 13 75
46 8 21 75
24 13 38 75
24 31 20 75
16 20 39 75
18 39 18 75
2 70 3 75
61 11 3 75
10 45 20 75
21 22 32 75
24 16 35 75
29 24 22 75
40 22 13 75
27 29 19 75
8 35 32 75
26 10 39 75
17 5 54 76
7 6 63 76
18 1 57 76
23 36 17 76
46 28 2 76
31 39 6 76
35 4 37 76
20 30 26 76
40 1 35 76
7 16 53 76
59 11 6 76
43 7 26 76
56 8 12 76
18 30 29 77
17 31 29 77
32 34 11 77
4 34 39 77
12 38 27 77
33 9 35 77
42 9 26 77
61 1 15 77
1 48 28 77
1 49 27 77
66 9 2 77
16 49 12 77
24 42 11 77
39 36 2 77
68 9 0 77
30 6 41 77
37 25 16 78
22 48 8 78
3 59 16 78
3 11 64 78
57 11 10 78
25 20 33 78
52 5 21 78
69 7 2 78
11 64 3 78
0 19 59 78
25 30 24 79
18 15 46 79
39 33 7 79
1 38 40 79
35 16 28 79
59 9 11 79
25 7 47 79
28 24 27 79
69 6 4 79
26 38 15 79
33 12 34 79
18 30 31 79
31 38 11 80
25 23 32 80
12 39 29 80
37 5 38 80
26 31 23 80
25 10 45 80
16 4 60 80
57 2 21 80
36 31 13 80
7 37 36 80
55 4 21 80
4 27 49 80
12 5 63 80
7 39 34 80
43 33 4 80
6 25 49 80
12 16 52 80
19 14 47 80
0 68 13 81
22 10 49 81
13 14 54 81
40 25 16 81
16 34 31 81
1 16 64 81
28 4 49 81
38 2 41 81
38 27 16 81
24 54 3 81
49 29 3 81
49 30 2 81
19 25 37 81
18 40 23 81
17 20 44 81
9 56 16 81
55 8 19 82
46 18 18 82
46 9 27 82
26 6 50 82
36 46 0 82
9 62 11 82
9 27 46 82
75 2 5 82
19 33 30 82
22 36 24 82
48 15 19 82
11 69 2 82
21 13 48 82
60 7 15 82
6 30 46 82
19 20 43 82
47 26 9 82
9 36 38 83
63 16 4 83
38 39 6 83
27 27 29 83
17 13 53 83
50 5 28 83
54 19 10 83
33 12 38 83
1 20 62 83
0 77 6 83
55 16 12 83
39 9 35 83
29 9 45 83
61 1 21 83
5 10 68 83
15 52 16 83
0 3 81 84
40 24 20 84
5 44 35 84
31 26 27 84
55 19 10 84
10 65 9 84
29 5 50 84
0 65 19 84
4 70 10 84
15 31 38 84
10 68 6 84
37 13 34 84
27 56 1 84
2 55 27 84
48 28 8 84
43 28 14 85
74 4 7 85
12 25 48 85
15 13 57 85
6 74 5 85
19 28 38 85
40 18 27 85
60 15 10 85
59 17 9 85
12 8 65 85
47 38 0 85
40 16 29 85
8 41 36 85
60 16 9 85
2 60 24 86
25 50 11 86
28 25 33 86
31 7 48 86
1 1 84 86
2 43 41 86
32 4 50 86
50 19 17 86
15 47 24 86
12 7 67 86
51 18 17 86
18 2 67 87
31 10 46 87
30 2 55 87
35 45 7 87
34 27 26 87
6 80 1 87
24 5 58 87
31 49 7 87
16 12 59 87
20 60 7 87
38 17 32 87
47 11 29 87
64 14 9 87
48 17 22 87
44 19 24 87
38 5 44 87
2 17 68 87
55 26 6 87
58 12 17 87
6 21 61 88
8 24 56 88
3 37 48 88
74 6 8 88
7 66 15 88
38 13 37 88
33 22 33 88
12 27 49 88
22 16 50 88
38 0 50 88
50 18 20 88
19 2 67 88
53 28 7 88
43 45 0 88
15 61 12 88
2 16 70 88
73 7 8 88
20 57 11 88
76 2 11 89
48 22 19 89
14 29 46 89
46 13 30 89
33 4 52 89
72 4 13 89
44 10 35 89
4 56 29 89
33 52 4 89
5 62 22 89
22 27 40 89
60 1 28 89
38 20 31 89
14 1 74 89
20 29 40 89
7 59 23 89
5 38 46 89
7 10 72 89
61 24 4 89
6 68 15 89
5 20 65 90
24 58 8 90
0 13 77 90
14 74 2 90
8 58 24 90
7 65 18 90
44 9 37 90
40 19 31 90
78 2 10 90
18 33 39 90
33 31 27 91
10 55 26 91
77 8 6 91
23 39 29 91
28 56 7 91
73 8 10 91
26 29 36 91
38 27 26 91
27 49 15 91
67 3 21 91
39 3 49 91
4 81 6 91
20 67 4 91
28 28 35 91
49 26 16 91
30 5 56 91
16 24 51 91
8 33 50 91
9 43 39 91
0 34 57 91
57 29 5 91
25 54 12 91
14 61 17 92
76 5 11 92
30 26 36 92
19 56 17 92
30 20 42 92
35 8 49 92
5 71 16 92
11 11 70 92
67 18 7 92
25 41 26 92
8 6 78 92
19 40 33 92
46 35 12 93
50 29 14 93
9 60 24 93
89 4 0 93
32 3 58 93
50 16 27 93
32 34 27 93
18 22 53 93
16 64 13 93
9 67 17 93
7 47 39 93
22 64 7 93
10 15 68 93
17 43 33 93
72 6 15 93
52 18 23 93
26 7 60 93
18 16 59 93
14 73 6 93
24 6 64 94
16 17 61 94
24 40 30 94
34 2 58 94
50 25 19 94
23 53 18 94
38 51 5 94
27 61 6 94
66 7 21 94
69 25 0 94
65 15 14 94
69 7 18 94
6 29 59 94
2 64 28 94
5 55 34 94
47 25 22 94
24 57 13 94
20 74 1 95
25 33 37 95
29 41 25 95
34 20 41 95
2 26 67 95
36 51 8 95
85 3 7 95
9 39 47 95
0 95 0 95
43 9 43 95
61 28 6 95
27 1 67 95
37 11 47 95
1 12 82 95
6 68 21 95
60 22 13 95
23 62 10 95
12 61 22 95
18 37 40 95
42 31 23 96
87 5 4 96
17 1 78 96
52 14 30 96
5 39 52 96
2 93 1 96
37 54 5 96
26 58 12 96
16 17 63 96
18 49 29 96
58 9 29 96
40 4 52 96
65 26 5 96
3 46 47 96
70 4 22 96
51 4 41 96
56 34 6 96
62 9 25 96
5 54 38 97
34 49 14 97
37 42 18 97
68 23 6 97
56 25 16 97
17 53 27 97
26 37 34 97
13 54 30 97
64 4 29 97
4 53 40 97
9 53 35 97
24 10 63 97
29 4 64 97
10 18 69 97
3 15 79 97
66 19 12 97
52 35 10 97
20 17 60 97
25 14 58 97
67 15 15 97
37 39 21 97
29 57 12 98
18 51 29 98
86 10 2 98
77 13 8 98
46 15 37 98
22 14 62 98
94 2 2 98
15 67 16 98
6 62 30 98
65 2 31 98
20 53 25 98
49 9 40 98
21 54 23 98
49 14 35 98
23 41 34 98
21 31 46 98
31 23 44 98
37 52 9 98
2 69 27 98
5 15 78 98
22 59 17 98
38 43 18 99
23 39 37 99
13 66 20 99
58 23 18 99
67 30 2 99
69 15 15 99
85 8 6 99
92 5 2 99
18 61 20 99
35 61 3 99
5 11 83 99
2 56 41 99
1 11 87 99
80 18 1 99
11 26 62 99
48 32 19 99
5 18 76 99
32 54 13 99
4 37 58 99
55 26 18 99
16 80 3 99
20 53 26 99
53 17 30 100
35 59 6 100
41 13 46 100
36 52 12 100
53 47 0 100
60 35 5 100
41 37 22 100
35 15 50 100
60 13 27 100
30 13 57 100
27 56 17 100
18 23 59 100
30 46 24 100
15 38 48 101
70 27 4 101
45 20 36 101
13 82 6 101
46 30 25 101
11 68 22 101
15 2 84 101
0 88 13 101
20 76 5 101
12 18 71 101
39 29 33 101
9 37 55 101
19 51 31 101
21 26 54 101
31 65 5 101
28 7 66 101
38 34 30 102
48 5 49 102
59 15 28 102
35 63 4 102
59 41 2 102
24 70 8 102
64 15 23 102
64 25 13 102
26 74 2 102
0 32 70 102
19 58 25 102
55 44 3 102
4 18 80 102
56 43 3 102
72 11 19 102
26 0 76 102
58 28 16 102
78 3 21 102
74 5 23 102
34 61 7 102
48 18 36 102
40 38 24 102
38 22 42 102
58 31 13 102
1 10 91 102
9 50 43 102
39 7 56 102
53 14 36 103
56 46 1 103
17 0 86 103
5 20 78 103
17 6 80 103
10 11 82 103
25 27 51 103
28 41 34 103
5 22 76 103
9 36 58 103
14 70 19 103
44 45 14 103
35 48 20 103
11 51 41 103
48 49 6 103
31 29 43 103
21 67 15 103
20 78 5 103
83 14 6 103
7 60 36 103
31 30 42 103
33 12 58 103
12 28 63 103
53 12 39 104
2 32 70 104
34 34 36 104
5 85 14 104
7 22 75 104
34 17 53 104
66 36 2 104
16 78 10 104
42 3 59 104
13 63 28 104
51 37 16 104
62 15 27 104
7 85 12 104
1 6 97 104
13 5 86 104
36 48 21 105
0 61 44 105
43 11 51 105
40 52 13 105
6 37 62 105
20 43 42 105
30 70 5 105
31 55 19 105
8 5 92 105
17 11 77 105
67 21 17 105
75 19 11 105
88 14 3 105
61 34 10 105
8 23 74 105
25 36 44 105
25 65 15 105
21 4 80 105
17 4 84 105
61 29 15 105
5 43 57 105
28 74 3 105
20 11 74 105
17 67 21 105
77 3 25 105
13 81 11 105
38 28 40 106
66 24 16 106
40 59 7 106
99 7 0 106
34 48 24 106
17 71 18 106
76 25 5 106
1 73 32 106
27 13 66 106
9 91 6 106
72 33 1 106
58 25 23 106
78 17 11 106
18 22 66 106
6 18 82 106
7 33 66 106
19 63 24 106
36 49 21 106
26 18 62 106
8 33 66 107
22 52 33 107
24 18 65 107
5 3 99 107
5 32 70 107
87 2 18 107
3 80 24 107
75 22 10 107
37 45 25 107
48 43 16 107
69 33 5 107
89 9 9 107
16 22 69 107
57 36 14 107
70 13 24 107
56 38 13 107
18 68 21 107
23 50 34 107
68 34 5 107
36 23 48 107
42 34 31 107
6 69 32 107
92 9 7 108
31 60 17 108
21 75 12 108
89 13 6 108
10 1 97 108
72 24 12 108
28 6 74 108
31 74 3 108
15 18 75 108
71 15 22 108
7 76 25 108
20 62 26 108
30 13 65 108
15 35 58 108
13 63 32 108
9 8 91 108
69 35 4 108
57 4 47 108
19 21 68 108
15 62 31 108
63 22 23 108
12 51 45 108
7 74 27 108
23 5 80 108
31 69 8 108
32 18 58 108
71 0 37 108
63 40 6 109
44 6 59 109
43 41 25 109
42 18 49 109
7 59 43 109
1 18 90 109
35 31 43 109
81 17 11 109
97 8 4 109
2 29 78 109
34 66 9 109
77 16 16 109
42 12 55 109
45 20 44 109
69 7 33 109
59 30 20 109
71 34 4 109
5 70 34 109
52 11 46 109
3 77 29 109
88 2 20 110
19 87 4 110
52 49 9 110
94 1 15 110
52 25 33 110
38 47 25 110
89 19 2 110
29 53 28 110
5 32 73 110
27 75 8 110
4 10 96 110
20 72 18 110
20 77 13 110
0 62 48 110
50 26 34 110
81 4 25 110
82 19 9 110
31 3 76 110
54 16 40 110
20 51 39 110
29 17 64 110
49 41 20 110
15 23 72 110
5 72 33 110
36 27 47 110
26 75 9 110
1 22 87 110
50 37 23 110
0 88 22 110
14 33 64 111
41 66 4 111
86 23 2 111
52 22 37 111
63 4 44 111
47 16 48 111
23 8 80 111
34 34 43 111
19 34 58 111
17 44 50 111
62 5 44 111
35 69 7 111
9 47 55 111
23 75 13 111
40 16 55 111
70 36 5 111
7 27 77 111
36 14 61 111
8 7 96 111
28 42 41 111
12 31 69 112
5 41 66 112
9 16 87 112
5 38 69 112
53 38 21 112
4 81 27 112
14 31 67 112
58 21 33 112
43 29 40 112
15 70 27 112
53 30 29 112
22 22 68 112
47 51 14 112
0 89 23 112
21 91 0 112
19 44 49 112
38 74 0 112
14 0 98 112
35 42 35 112
1 70 41 112
16 39 57 112
41 18 53 112
5 21 86 112
8 69 35 112
53 7 52 112
53 36 23 112
0 65 48 113
55 44 14 113
76 33 4 113
57 51 5 113
20 61 32 113
34 13 66 113
38 65 10 113
15 59 39 113
33 49 31 113
8 94 11 113
23 64 26 113
37 14 62 113
61 28 24 113
25 32 56 113
34 3 76 113
87 21 5 113
60 17 36 113
7 76 30 113
1 62 50 113
7 26 81 114
26 38 50 114
0 35 79 114
33 80 1 114
8 98 8 114
82 5 27 114
33 50 31 114
41 28 45 114
32 26 56 114
10 59 45 114
48 59 7 114
74 29 11 114
5 21 88 114
0 28 86 114
47 40 27 114
69 16 29 114
23 40 51 114
56 18 40 114
20 65 29 114
25 41 48 114
31 63 20 114
49 60 5 114
16 37 61 114
73 7 34 114
14 86 14 114
80 22 12 114
11 31 72 114
64 43 7 114
16 44 54 114
14 23 77 114
10 74 31 115
34 2 79 115
6 80 29 115
5 41 69 115
78 32 5 115
33 15 67 115
18 71 26 115
5 29 81 115
75 27 13 115
17 90 8 115
1 30 84 115
38 33 44 115
16 97 2 115
35 72 8 115
33 13 69 115
36 45 34 115
85 10 20 115
49 48 18 115
96 1 18 115
17 10 88 115
38 20 57 115
3 39 73 115
56 0 59 115
47 18 50 115
55 9 51 115
61 20 35 116
47 17 52 116
19 95 2 116
31 53 32 116
11 57 48 116
38 69 9 116
87 15 14 116
4 45 67 116
64 13 39 116
54 37 25 116
22 39 55 116
37 40 39 116
67 5 44 116
10 61 45 116
69 12 35 116
3 64 49 116
72 21 23 116
47 64 5 116
40 53 23 116
15 49 52 116
13 25 78 116
33 11 72 116
64 36 16 116
73 10 33 116
85 4 27 116
24 42 50 116
38 44 34 116
29 71 16 116
91 6 20 117
23 33 61 117
51 61 5 117
44 65 8 117
72 3 42 117
43 19 55 117
21 8 88 117
37 64 16 117
8 26 83 117
33 6 78 117
85 1 31 117
19 46 52 117
38 76 3 117
25 73 19 117
27 64 26 117
35 4 78 117
73 1 43 117
56 22 39 117
25 64 28 117
17 43 58 118
13 40 65 118
74 28 16 118
58 54 6 118
88 29 1 118
3 42 73 118
28 51 39 118
86 7 25 118
8 23 87 118
34 14 70 118
5 57 56 118
13 12 93 118
54 27 37 118
36 39 43 118
49 59 10 118
37 0 81 118
67 15 36 118
43 2 73 118
46 48 24 118
55 52 11 118
4 76 38 118
31 1 86 118
60 44 15 119
41 11 67 119
43 36 40 119
84 15 20 119
27 82 10 119
2 91 26 119
36 70 13 119
1 70 48 119
38 74 7 119
8 88 23 119
23 61 35 119
24 56 39 119
94 11 14 119
55 9 55 119
43 69 7 119
44 1 74 119
6 23 90 119
68 35 16 119
30 25 64 119
35 79 5 119
15 62 43 120
15 6 99 120
91 22 7 120
45 44 31 120
82 2 36 120
8 37 75 120
57 20 43 120
46 33 41 120
81 13 26 120
54 57 9 120
41 48 31 120
1 30 89 120
63 26 31 120
40 66 14 120
6 95 19 120
41 0 79 120
59 18 43 120
22 67 31 120
1 66 54 121
19 71 31 121
29 38 54 121
51 10 60 121
88 32 1 121
52 15 54 121
5 78 38 121
92 25 4 121
33 32 56 121
81 10 30 121
47 27 47 121
32 45 44 121
54 43 24 121
72 30 19 121
43 60 18 121
60 28 33 121
4 71 46 121
10 35 76 121
5 20 96 121
13 35 73 121
67 4 50 121
26 85 10 121
71 34 16 121
54 39 28 121
46 55 20 121
35 12 74 121
14 75 32 121
38 49 34 121
30 52 39 121
48 6 67 121
69 10 43 122
70 16 36 122
56 37 29 122
30 90 2 122
63 16 43 122
1 68 53 122
59 31 32 122
1 38 83 122
18 77 27 122
30 83 9 122
39 82 1 122
75 45 2 122
15 90 17 122
10 37 75 122
51 25 46 122
19 90 13 122
40 2 80 122
64 47 11 122
81 19 22 122
23 39 60 122
23 82 17 122
31 18 73 122
61 53 8 122
70 48 4 122
22 51 49 122
21 45 56 122
3 71 48 122
15 93 14 122
14 86 22 122
32 44 46 122
33 7 83 123
46 17 60 123
80 1 42 123
37 24 62 123
78 17 28 123
30 49 44 123
31 11 81 123
88 27 8 123
38 14 71 123
75 9 39 123
57 20 46 123
46 34 43 123
73 48 2 123
68 9 46 123
92 4 27 123
3 88 32 123
48 55 21 124
53 46 25 124
53 66 5 124
21 67 36 124
52 56 16 124
14 64 46 124
49 63 12 124
8 88 28 124
96 21 7 124
77 25 22 124
57 37 30 124
94 18 12 124
6 67 51 124
56 11 57 124
37 35 52 124
7 76 41 124
24 99 1 124
34 55 35 124
4 61 59 124
96 8 20 124
86 7 31 124
9 37 78 124
83 22 19 124
73 21 30 124
34 53 37 124
67 18 39 124
17 39 68 124
45 30 50 125
33 49 43 125
43 36 46 125
12 50 63 125
43 8 74 125
2 48 75 125
77 39 9 125
38 39 48 125
28 76 21 125
10 76 39 125
29 66 30 125
32 91 2 125
51 41 33 125
54 69 2 125
12 29 84 125
43 7 75 125
75 8 42 125
53 71 1 125
24 8 93 125
38 50 37 125
60 38 27 125
67 43 15 125
95 14 16 125
35 83 7 125
12 49 64 125
50 22 53 125
15 31 80 126
2 47 77 126
49 28 49 126
32 16 78 126
36 67 23 126
98 1 27 126
67 31 28 126
21 27 78 126
56 62 8 126
23 25 78 126
40 57 29 126
26 39 61 126
32 78 16 126
15 95 16 126
20 80 26 126
12 96 18 126
25 69 32 126
34 0 92 126
60 50 16 126
99 22 5 126
13 25 88 126
64 29 33 126
12 88 26 126
87 26 13 126
15 87 24 126
21 69 36 126
34 47 46 127
11 83 33 127
47 52 28 127
41 73 13 127
29 41 57 127
36 71 20 127
85 25 17 127
14 71 42 127
73 3 51 127
63 14 50 127
47 34 46 127
4 43 80 127
19 51 57 127
36 38 53 127
21 28 78 127
21 60 46 127
82 24 21 127
27 66 34 127
1 28 98 127
5 51 71 127
34 10 83 127
49 39 39 127
56 3 68 127
60 14 53 127
9 46 73 128
84 28 16 128
33 17 78 128
30 42 56 128
82 44 2 128
79 20 29 128
47 50 31 128
17 53 58 128
91 24 13 128
22 37 69 128
3 84 41 128
12 37 79 128
13 49 66 128
51 10 67 128
44 3 81 128
92 4 32 128
22 58 48 128
43 68 17 128
92 20 16 128
20 51 57 128
71 46 11 128
89 4 36 129
23 8 98 129
27 95 7 129
73 27 29 129
80 15 34 129
29 20 80 129
6 87 36 129
85 25 19 129
40 21 68 129
21 63 45 129
77 20 32 129
37 8 84 129
23 74 32 129
92 25 12 129
27 11 91 129
8 53 68 129
11 45 73 129
15 42 72 129
84 22 23 129
2 73 54 129
65 28 36 129
6 81 42 129
13 83 33 129
36 26 67 129
77 49 3 129
29 43 57 129
95 17 17 129
30 58 41 129
80 16 33 129
24 79 27 130
60 14 56 130
19 43 68 130
48 1 81 130
32 92 6 130
13 26 91 130
37 78 15 130
31 60 39 130
2 58 70 130
45 25 60 130
67 48 15 130
23 30 77 130
85 37 8 130
68 29 33 130
30 9 91 130
27 9 94 130
39 46 45 130
13 57 60 130
69 49 12 130
2 69 59 130
1 87 42 130
33 37 60 130
81 39 10 130
17 84 29 130
62 58 10 130
42 65 23 130
63 37 30 130
39 39 52 130
40 47 43 130
30 89 11 130
59 19 52 130
90 9 32 131
52 13 66 131
68 62 1 131
36 67 28 131
39 15 77 131
45 3 83 131
17 31 83 131
44 13 74 131
28 37 66 131
16 36 79 131
55 37 39 131
53 55 23 131
42 40 49 131
61 49 21 131
96 26 9 131
28 59 44 131
26 14 91 131
82 39 10 131
45 5 81 131
50 62 19 131
26 45 60 131
63 38 30 131
78 48 5 131
19 25 87 131
91 15 25 131
43 74 14 131
48 0 83 131
76 23 32 131
35 47 50 132
21 78 33 132
38 59 35 132
89 41 2 132
48 22 62 132
53 49 30 132
25 37 70 132
55 38 39 132
56 43 33 132
63 65 4 132
91 31 10 132
51 52 29 132
8 86 38 132
13 45 74 132
13 43 76 132
13 66 53 132
10 92 30 132
44 79 9 132
9 62 61 132
87 35 10 132
15 91 26 132
84 3 45 132
30 29 73 132
84 32 16 132
73 11 48 132
16 45 71 132
36 70 26 132
8 94 30 132
80 15 37 132
18 41 73 132
34 17 81 132
95 28 9 132
39 33 61 133
73 44 16 133
6 56 71 133
34 22 77 133
71 54 8 133
78 20 35 133
64 43 26 133
94 17 22 133
17 79 37 133
11 91 31 133
4 61 68 133
41 37 55 133
65 29 39 133
78 34 21 133
24 36 73 133
57 76 0 133
62 37 34 133
98 35 0 133
93 8 32 133
92 34 7 133
13 80 40 133
5 36 92 133
20 69 44 133
92 41 0 133
43 38 52 133
19 90 24 133
83 20 30 133
20 32 82 134
37 63 34 134
43 19 72 134
33 75 26 134
58 13 63 134
23 76 35 134
32 6 96 134
40 62 32 134
46 22 66 134
39 4 91 134
40 38 56 134
10 46 78 134
20 68 46 134
73 35 26 134
22 87 25 134
14 40 80 134
98 32 4 134
95 19 20 134
67 9 58 134
23 73 38 134
35 91 8 134
34 42 58 134
67 67 0 134
25 72 38 135
76 0 59 135
9 28 98 135
90 18 27 135
8 59 68 135
71 54 10 135
55 14 66 135
40 42 53 135
32 53 50 135
44 53 38 135
18 33 84 135
48 46 41 135
67 51 17 135
51 45 39 135
94 37 4 135
52 80 3 135
0 59 76 135
44 62 29 135
4 42 89 135
87 42 6 135
15 98 22 135
32 59 44 135
38 60 38 136
66 54 16 136
35 59 42 136
15 49 72 136
67 33 36 136
19 61 56 136
68 29 39 136
32 84 20 136
39 35 62 136
89 2 45 136
55 41 40 136
34 7 95 136
29 50 57 136
1 43 92 136
42 5 89 136
57 50 29 136
59 75 2 136
21 61 54 136
51 79 6 136
72 57 7 136
67 44 25 136
25 96 15 136
40 92 4 136
55 9 72 136
51 29 56 136
13 87 36 136
79 44 14 137
31 56 50 137
31 40 66 137
59 15 63 137
90 11 36 137
2 92 43 137
53 65 19 137
34 96 7 137
10 94 33 137
19 99 19 137
42 80 15 137
23 16 98 137
62 19 56 137
26 63 48 137
11 91 35 137
53 34 50 137
25 88 24 137
6 48 83 137
94 4 39 137
72 53 12 137
50 74 13 137
73 44 20 137
52 47 38 137
12 28 97 137
92 10 35 137
15 53 69 137
93 12 32 137
43 12 82 137
61 58 18 137
52 57 28 137
67 14 57 138
64 8 66 138
85 40 13 138
34 93 11 138
30 60 48 138
66 29 43 138
96 10 32 138
35 91 12 138
81 38 19 138
32 72 34 138
21 46 71 138
81 34 23 138
2 78 58 138
6 39 93 138
58 25 55 138
36 59 43 138
4 75 59 138
14 66 58 138
86 49 3 138
2 92 44 138
79 18 41 138
32 77 29 138
25 59 55 139
56 48 35 139
92 2 45 139
22 70 47 139
35 32 72 139
57 44 38 139
85 38 16 139
61 65 13 139
31 36 72 139
64 72 3 139
14 26 99 139
23 82 34 139
77 11 51 139
18 60 61 139
97 39 3 139
34 76 29 139
7 94 38 139
82 25 32 139
35 93 11 139
88 41 10 139
60 15 64 139
73 29 37 139
18 95 26 139
56 69 14 139
61 10 68 139
47 27 65 139
92 43 4 139
7 65 67 139
22 98 19 139
76 38 25 139
90 32 17 139
82 22 35 139
12 36 92 140
5 48 87 140
11 53 76 140
42 71 27 140
60 20 60 140
53 24 63 140
54 40 46 140
60 27 53 140
8 56 76 140
42 5 93 140
3 87 50 140
8 70 62 140
2 73 65 140
34 95 11 140
37 63 40 140
37 31 72 140
27 48 65 140
50 90 0 140
98 13 29 140
17 42 81 140
8 39 93 140
27 77 36 140
36 51 53 140
30 91 19 140
37 36 67 140
57 35 48 140
54 82 4 140
70 27 43 140
41 58 42 141
64 47 30 141
73 67 1 141
49 56 36 141
38 51 52 141
50 68 23 141
82 14 45 141
26 25 90 141
24 86 31 141
26 22 93 141
70 33 38 141
6 64 71 141
66 31 44 141
23 60 58 141
20 87 34 141
87 34 20 141
31 12 98 141
34 89 18 141
49 3 89 141
72 35 34 141
29 65 47 141
42 58 41 141
20 85 36 141
68 62 11 141
20 37 84 141
15 87 39 141
7 85 49 141
18 64 59 141
79 55 7 141
2 88 51 141
83 54 5 142
67 31 44 142
68 64 10 142
2 76 64 142
56 79 7 142
42 96 4 142
24 21 97 142
86 5 51 142
71 34 37 142
42 20 80 142
71 49 22 142
37 57 48 142
36 58 48 142
17 58 67 142
70 49 23 142
31 28 83 142
11 95 36 142
43 42 57 142
25 96 21 142
99 35 8 142
7 99 36 142
82 37 23 142
61 15 66 142
45 54 43 142
76 51 15 142
24 50 68 142
50 24 68 142
59 12 71 142
24 90 28 142
99 39 4 142
72 48 23 143
7 59 77 143
10 69 64 143
53 56 34 143
54 16 73 143
87 48 8 143
70 63 10 143
50 75 18 143
53 35 55 143
60 29 54 143
81 1 61 143
48 70 25 143
83 57 3 143
31 36 76 143
79 0 64 143
55 40 48 143
28 96 19 143
62 66 15 143
38 63 42 143
7 84 52 143
99 41 3 143
26 64 53 143
26 76 41 143
20 69 54 143
27 61 55 143
65 45 33 143
83 40 21 144
91 44 9 144
97 9 38 144
60 22 62 144
44 76 24 144
81 18 45 144
57 87 0 144
43 13 88 144
93 13 38 144
32 76 36 144
14 65 65 144
7 59 78 144
69 18 57 144
92 10 42 144
25 68 51 144
18 64 62 144
64 7 73 144
71 15 58 144
89 42 13 144
16 63 65 144
12 49 83 144
53 65 26 144
29 61 54 144
71 30 43 144
38 91 15 144
63 54 27 144
75 15 54 144
8 69 67 144
65 58 21 144
82 3 59 144
52 3 89 144
4 94 46 144
76 3 65 144
42 92 10 144
41 5 98 144
4 62 78 144
58 45 42 145
65 17 63 145
61 6 78 145
28 40 77 145
40 79 26 145
92 6 47 145
9 50 86 145
82 47 16 145
7 90 48 145
16 83 46 145
97 37 11 145
5 76 64 145
47 55 43 145
64 56 25 145
28 60 57 145
13 72 60 145
75 42 28 145
56 83 6 145
46 51 48 145
31 45 69 145
43 84 18 145
16 72 57 145
69 38 38 145
82 24 39 145
94 25 26 145
53 9 83 145
64 40 41 145
1 71 73 145
98 20 27 145
45 30 70 145
75 38 32 145
9 59 78 146
39 49 58 146
76 2 68 146
11 38 97 146
91 0 55 146
1 80 65 146
9 73 64 146
14 48 84 146
19 49 78 146
24 75 47 146
64 26 56 146
39 98 9 146
61 18 67 146
61 75 10 146
55 89 2 146
5 85 56 146
32 19 95 146
96 40 10 146
2 78 66 146
48 56 42 146
12 94 40 146
77 29 40 146
54 6 86 146
26 87 33 146
63 58 25 146
44 34 68 146
49 85 12 146
62 21 63 146
83 8 55 146
63 57 26 146
35 88 23 146
45 65 36 146
56 46 44 146
51 16 79 146
54 46 47 147
81 54 12 147
32 33 82 147
6 64 77 147
34 46 67 147
83 3 61 147
50 2 95 147
52 95 0 147
89 20 38 147
24 85 38 147
52 94 1 147
51 85 11 147
17 57 73 147
40 12 95 147
32 36 79 147
18 85 44 147
11 60 76 147
83 27 37 147
45 42 60 147
39 66 42 147
1 71 75 147
93 36 18 147
12 50 85 147
76 65 6 147
81 8 58 147
91 31 25 147
74 2 71 147
34 15 98 147
54 29 64 147
2 79 66 147
96 37 14 147
5 67 76 148
4 47 97 148
11 38 99 148
46 19 83 148
90 38 20 148
75 40 33 148
9 69 70 148
38 91 19 148
86 13 49 148
46 93 9 148
38 94 16 148
34 96 18 148
14 92 42 148
32 57 59 148
60 8 80 148
42 66 40 148
23 91 34 148
42 92 14 148
96 48 4 148
54 56 38 148
52 12 84 148
53 18 78 149
66 25 58 149
63 68 18 149
90 0 59 149
39 99 11 149
14 51 84 149
64 50 35 149
2 95 52 149
42 23 84 149
1 94 54 149
87 24 38 149
11 68 70 149
0 63 86 149
18 57 74 149
98 38 13 149
29 62 58 149
38 91 20 149
9 91 49 149
11 99 39 149
23 47 79 149
57 47 45 149
63 81 5 149
90 3 56 149
45 51 53 149
91 21 37 149
1 61 87 149
13 82 54 149
51 93 5 149
76 59 14 149
64 33 53 150
9 98 43 150
55 27 68 150
53 43 54 150
80 11 59 150
58 11 81 150
63 27 60 150
63 48 39 150
52 14 84 150
33 81 36 150
29 62 59 150
8 96 46 150
49 35 66 150
50 21 79 150
55 6 89 150
0 92 58 150
19 58 73 150
29 22 99 150
26 64 60 150
46 98 6 150
53 79 18 150
48 53 49 150
68 49 33 150
78 19 53 150
33 30 87 150
39 20 91 150
58 45 47 150
33 18 99 150
43 29 78 150
24 93 33 150
43 88 19 150
60 57 33 150
42 40 68 150
43 97 10 150
91 57 2 150
54 58 38 150
98 45 8 151
66 17 68 151
17 69 65 151
92 7 52 151
55 39 57 151
8 59 84 151
73 24 54 151
52 96 3 151
52 86 13 151
99 27 25 151
32 93 26 151
31 22 98 151
77 50 24 151
76 72 3 151
86 28 37 151
29 56 66 151
9 62 80 151
99 50 2 151
29 23 99 151
78 62 11 151
53 24 74 151
59 17 75 151
43 70 38 151
26 35 90 151
85 60 6 151
16 84 51 151
5 49 97 151
83 27 41 151
64 67 20 151
66 80 5 151
68 5 78 151
90 38 24 152
49 46 57 152
38 97 17 152
23 37 92 152
61 55 36 152
18 64 70 152
52 59 41 152
52 27 73 152
21 47 84 152
16 76 60 152
54 20 78 152
40 37 75 152
52 84 16 152
74 19 59 152
49 11 92 152
27 99 26 152
49 88 15 152
68 77 7 152
98 11 43 152
71 34 47 152
67 64 21 152
72 17 63 152
55 37 60 152
49 91 12 152
71 7 74 152
93 36 23 152
79 28 46 153
15 75 63 153
64 10 79 153
46 17 90 153
40 50 63 153
35 48 70 153
34 89 30 153
54 44 55 153
44 53 56 153
87 15 51 153
65 76 12 153
33 58 62 153
16 86 51 153
45 16 92 153
6 82 65 153
47 67 39 153
72 75 6 153
59 80 14 153
79 17 57 153
45 70 38 153
77 76 0 153
97 11 46 154
57 95 2 154
59 87 8 154
90 8 56 154
43 90 21 154
38 86 30 154
69 21 64 154
44 15 95 154
44 48 62 154
81 30 43 154
4 80 70 154
64 70 20 154
40 56 58 154
46 74 34 154
89 23 42 154
76 69 9 154
3 97 54 154
38 22 94 154
54 42 58 154
85 21 48 154
44 15 95 154
95 55 4 154
99 29 26 154
11 85 58 154
57 45 53 155
56 62 37 155
11 84 60 155
85 33 37 155
22 92 41 155
16 60 79 155
54 29 72 155
98 36 21 155
49 16 90 155
54 62 39 155
32 72 51 155
56 61 38 155
44 44 67 155
83 17 55 155
83 57 15 155
19 51 85 155
68 16 71 155
60 69 26 155
93 35 27 155
64 55 36 155
67 29 59 155
53 54 48 155
34 28 93 155
16 46 93 155
35 85 35 155
65 15 75 155
59 45 52 156
70 44 42 156
82 67 7 156
2 76 78 156
65 27 64 156
54 12 90 156
35 28 93 156
13 80 63 156
88 22 46 156
56 77 23 156
36 84 36 156
14 74 68 156
97 28 31 156
59 17 80 156
68 14 74 156
38 43 75 156
9 48 99 156
94 58 4 156
97 45 14 156
65 1 90 156
73 29 54 156
52 95 9 156
9 58 89 156
36 65 55 156
86 32 38 156
17 51 89 157
11 58 88 157
25 94 38 157
57 6 94 157
97 45 15 157
89 37 31 157
87 61 9 157
67 72 18 157
25 40 92 157
26 59 72 157
55 19 83 157
26 43 88 157
16 79 62 157
23 48 86 157
75 41 41 157
77 24 56 157
26 78 53 157
42 44 71 157
74 18 65 157
84 5 68 157
19 68 70 157
14 69 74 157
14 52 91 157
39 68 50 157
68 41 48 157
73 73 11 157
91 2 64 157
42 63 53 158
24 69 65 158
0 93 65 158
43 71 44 158
53 38 67 158
26 57 75 158
70 50 38 158
73 1 84 158
97 27 34 158
35 89 34 158
79 62 17 158
63 59 36 158
60 44 54 158
62 57 39 158
71 87 0 158
37 47 74 158
58 12 88 158
78 10 70 158
49 57 52 158
21 72 65 158
11 70 77 158
3 88 67 158
49 67 42 158
65 65 28 158
21 62 75 158
15 99 44 158
70 0 88 158
57 7 94 158
56 51 51 158
64 11 83 158
93 48 17 158
60 39 60 159
87 50 22 159
94 58 7 159
57 68 34 159
92 14 53 159
33 51 75 159
59 32 68 159
59 32 68 159
56 66 37 159
58 36 65 159
28 98 33 159
78 10 71 159
50 20 89 159
43 70 46 159
35 36 88 159
89 51 19 159
39 95 25 159
64 47 48 159
32 76 51 159
33 92 34 159
49 43 67 159
66 3 90 159
84 20 55 159
59 16 84 159
35 68 56 159
45 41 73 159
60 2 97 159
67 27 65 159
10 73 77 160
81 6 73 160
84 50 26 160
59 89 12 160
31 94 35 160
36 63 61 160
55 93 12 160
46 86 28 160
15 85 60 160
28 59 73 160
88 54 18 160
82 39 39 160
83 40 37 160
81 3 76 160
44 31 85 160
65 13 82 160
48 51 61 160
76 23 61 160
5 58 97 160
87 49 24 160
63 53 44 160
84 76 0 160
21 53 86 160
41 40 79 160
38 28 94 160
56 46 58 160
30 31 99 160
34 73 53 160
16 56 89 161
18 79 64 161
80 55 26 161
41 58 62 161
82 3 76 161
97 14 50 161
81 62 18 161
33 42 86 161
63 70 28 161
93 41 27 161
48 56 57 161
74 28 59 161
42 78 41 161
70 61 30 161
41 58 62 161
79 78 4 161
41 41 79 161
71 46 44 161
74 27 60 161
91 64 6 161
52 22 87 161
85 69 7 161
39 69 53 161
56 70 35 161
94 56 11 161
35 32 95 162
34 41 87 162
41 71 50 162
53 64 45 162
46 60 56 162
4 65 93 162
55 33 74 162
0 70 92 162
5 85 72 162
43 93 26 162
70 23 69 162
16 61 85 162
99 46 17 162
14 61 87 162
53 75 34 162
48 48 66 162
85 29 48 162
59 31 72 162
88 29 45 162
51 67 44 162
45 93 24 162
45 44 73 162
20 61 81 162
19 73 70 162
83 63 16 162
71 55 36 162
47 31 84 162
27 69 66 162
65 43 54 162
89 17 56 162
94 44 25 163
75 58 30 163
68 42 53 163
36 77 50 163
99 11 53 163
10 60 93 163
74 40 49 163
87 65 11 163
95 3 65 163
38 77 48 163
88 75 0 163
49 35 79 163
57 62 44 163
54 10 99 163
83 12 68 163
83 21 59 163
53 81 29 163
46 70 47 163
65 13 85 163
89 42 32 163
94 37 32 163
30 45 88 163
23 58 82 163
58 71 34 163
75 41 47 163
98 54 11 163
63 3 97 163
51 68 44 163
86 62 15 163
0 94 69 163
88 64 11 163
18 83 63 164
65 33 66 164
89 25 50 164
63 81 20 164
67 44 53 164
83 25 56 164
80 39 45 164
53 42 69 164
56 78 30 164
40 35 89 164
52 33 79 164
46 75 43 164
45 65 54 164
69 36 59 164
45 22 97 164
74 40 50 164
68 95 1 164
73 49 42 164
9 64 91 164
46 43 75 164
95 52 17 164
77 31 56 164
49 62 53 164
73 90 1 164
56 26 82 164
64 83 17 164
97 16 51 164
69 14 81 164
51 58 55 164
25 48 91 164
50 76 38 164
55 12 97 164
52 45 67 164
66 73 25 164
12 68 84 164
65 15 85 165
13 74 78 165
56 57 52 165
55 80 30 165
33 40 92 165
59 54 52 165
50 16 99 165
98 44 23 165
99 30 36 165
80 8 77 165
7 71 87 165
94 18 53 165
62 53 50 165
62 35 68 165
6 88 71 165
77 75 13 165
16 98 51 165
22 83 60 165
99 62 4 165
37 96 32 165
24 78 63 165
5 80 80 165
70 42 53 165
76 6 83 165
82 5 78 165
67 18 80 165
76 37 52 165
53 25 87 165
35 75 56 166
33 88 45 166
31 88 47 166
41 97 28 166
80 72 14 166
75 73 18 166
71 67 28 166
35 49 82 166
87 23 56 166
99 20 47 166
96 22 48 166
76 25 65 166
55 59 52 166
62 49 55 166
37 98 31 166
21 99 46 166
41 82 43 166
96 67 3 166
40 86 40 166
54 77 35 166
42 54 70 166
51 49 67 167
30 65 72 167
65 38 64 167
62 63 42 167
57 81 29 167
31 52 84 167
79 39 49 167
50 44 73 167
54 47 66 167
72 7 88 167
68 56 43 167
97 64 6 167
16 99 52 167
29 64 74 167
71 30 66 167
49 97 21 167
55 16 96 167
36 76 55 167
77 80 10 167
41 47 79 167
56 37 74 167
84 30 53 167
39 83 45 167
5 67 95 167
58 40 69 167
89 73 5 167
12 82 73 167
90 1 76 167
3 65 99 167
54 91 23 168
54 61 53 168
45 97 26 168
32 75 61 168
54 55 59 168
49 95 24 168
37 95 36 168
75 20 73 168
85 23 60 168
72 29 67 168
88 1 79 168
38 93 37 168
47 40 81 168
65 37 66 168
57 88 23 168
39 47 82 168
59 13 96 168
75 92 1 168
63 60 45 168
55 87 26 168
49 70 49 168
57 74 37 168
75 0 93 168
92 30 46 168
54 34 80 168
5 82 81 168
56 22 90 168
0 91 77 168
73 46 49 168
51 53 64 168
73 35 61 169
2 70 97 169
17 53 99 169
47 33 89 169
52 42 75 169
39 32 98 169
47 25 97 169
21 54 94 169
20 73 76 169
57 93 19 169
38 85 46 169
28 78 63 169
60 26 83 169
73 56 40 169
22 64 83 169
74 41 54 169
66 17 86 169
13 85 71 169
65 86 18 169
56 82 31 169
80 0 89 169
1 80 88 169
50 92 27 169
42 85 42 169
40 89 40 169
64 60 45 169
44 28 97 169
72 22 75 169
75 35 59 169
88 35 46 169
72 1 97 170
56 43 71 170
94 45 31 170
16 97 57 170
47 66 57 170
72 32 66 170
91 6 73 170
34 69 67 170
62 24 84 170
50 53 67 170
58 80 32 170
32 61 77 170
81 43 46 170
0 92 78 170
46 51 73 170
71 84 15 170
14 91 65 170
46 97 27 170
33 67 70 170
71 95 4 170
51 49 70 170
87 42 41 170
63 50 57 170
58 87 25 170
92 45 33 170
79 45 46 170
31 52 87 170
38 64 68 170
21 89 60 170
69 19 82 170
48 90 32 170
12 63 95 170
79 55 37 171
52 46 73 171
27 55 89 171
61 81 29 171
89 69 13 171
64 84 23 171
63 20 88 171
20 69 82 171
84 2 85 171
87 24 60 171
21 82 68 171
72 96 3 171
66 18 87 171
71 16 84 171
51 22 98 171
27 97 47 171
53 64 54 171
68 56 47 171
80 82 9 171
73 92 6 171
68 92 11 171
84 34 53 171
46 31 94 171
33 43 95 171
70 34 67 171
97 30 44 171
24 73 74 171
46 45 80 171
10 96 65 171
37 47 87 171
69 32 70 171
1 96 74 171
42 55 74 171
8 99 64 171
35 91 45 171
7 84 81 172
22 86 64 172
43 68 61 172
9 92 71 172
62 22 88 172
65 87 20 172
51 74 47 172
27 72 73 172
50 32 90 172
48 79 45 172
31 44 97 172
65 83 24 172
77 92 3 172
64 49 59 172
10 84 78 172
98 70 4 172
79 77 16 172
69 39 64 172
47 29 96 172
61 53 58 172
61 31 80 172
97 20 55 172
43 44 85 172
39 45 88 172
77 13 82 172
59 29 84 172
46 78 48 172
74 30 68 172
63 94 15 172
63 62 47 172
97 17 58 172
52 54 67 173
86 78 9 173
45 73 55 173
74 92 7 173
60 96 17 173
19 87 67 173
92 40 41 173
60 68 45 173
80 4 89 173
84 81 8 173
74 5 94 173
83 3 87 173
76 92 5 173
25 80 68 173
16 86 71 173
94 50 29 173
97 29 47 173
7 70 96 173
35 93 45 173
27 93 53 173
11 63 99 173
35 76 62 173
92 60 21 173
41 58 74 173
39 83 51 173
36 61 76 173
55 62 56 173
24 88 61 173
78 82 13 173
76 25 72 173
65 77 31 173
88 22 63 173
25 75 73 173
97 9 67 173
40 94 40 174
41 63 70 174
90 41 43 174
82 47 45 174
59 98 17 174
39 96 39 174
19 95 60 174
71 31 72 174
54 91 29 174
98 45 31 174
78 24 72 174
37 78 59 174
44 45 85 174
70 12 92 174
86 28 60 174
46 72 56 174
72 96 6 174
42 54 78 174
41 79 54 174
47 56 71 174
34 54 86 174
92 35 47 174
50 79 45 174
35 79 60 174
93 31 50 174
49 65 60 174
42 65 67 174
56 28 90 174
49 31 95 175
43 67 65 175
31 68 76 175
91 23 61 175
43 99 33 175
64 19 92 175
89 73 13 175
68 55 52 175
48 87 40 175
92 50 33 175
33 89 53 175
72 90 13 175
91 38 46 175
3 96 76 175
26 97 52 175
98 17 60 175
22 75 78 175
88 52 35 175
84 47 44 175
53 33 89 175
18 92 65 175
85 86 4 175
63 20 93 176
73 46 57 176
89 20 67 176
88 43 45 176
40 77 59 176
76 22 78 176
86 28 62 176
76 53 47 176
0 78 98 176
72 25 79 176
96 36 44 176
35 52 89 176
13 82 81 176
19 72 85 176
89 46 41 176
61 55 60 176
46 63 67 176
45 57 74 176
61 87 28 176
85 88 4 177
69 58 50 177
93 74 10 177
89 79 9 177
58 33 86 177
98 69 10 177
91 60 26 177
28 88 61 177
89 71 17 177
32 98 47 177
13 68 96 177
57 26 94 177
35 85 57 177
79 60 38 177
80 18 79 177
86 17 74 177
97 67 13 177
83 48 46 177
36 56 85 177
69 46 62 177
43 88 46 177
79 25 73 177
48 65 64 177
50 38 89 177
60 62 55 177
55 94 28 177
17 72 88 177
68 93 16 177
35 91 51 177
15 82 80 177
42 73 62 177
24 65 88 177
95 78 4 177
37 51 89 177
67 45 65 177
88 57 32 177
24 98 55 177
49 72 56 177
82 30 65 177
80 41 57 178
33 96 49 178
20 94 64 178
37 45 96 178
66 82 30 178
10 97 71 178
34 46 98 178
8 99 71 178
63 53 62 178
83 72 23 178
31 53 94 178
64 47 67 178
81 50 47 178
54 52 72 178
60 41 77 178
9 74 95 178
68 37 73 178
55 80 43 178
28 71 79 178
48 33 97 178
78 52 48 178
69 79 30 178
37 57 84 178
26 63 89 178
92 30 56 178
72 33 73 178
78 58 42 178
70 47 61 178
67 78 33 178
69 13 97 179
90 9 80 179
68 98 13 179
53 68 58 179
66 36 77 179
98 44 37 179
88 91 0 179
72 96 11 179
98 47 34 179
3 99 77 179
69 51 59 179
67 95 17 179
78 12 89 179
86 89 4 179
43 83 53 179
97 49 33 179
55 99 25 179
92 70 17 179
61 94 24 179
81 61 37 179
51 77 51 179
55 95 29 179
50 53 76 179
83 87 9 179
85 27 67 179
20 61 99 180
35 56 89 180
51 87 42 180
53 49 78 180
72 87 21 180
62 84 34 180
15 98 67 180
62 29 89 180
86 63 31 180
81 67 32 180
78 94 8 180
55 53 72 180
98 44 38 180
96 21 63 180
23 71 86 180
73 84 23 180
14 67 99 180
57 27 96 180
99 23 58 180
42 86 52 180
28 95 57 180
87 40 53 180
94 82 4 180
38 96 46 180
62 86 32 180
76 39 65 180
66 16 98 180
81 88 11 180
59 76 45 180
57 33 90 180
15 82 83 180
79 86 15 180
66 85 29 180
98 29 53 180
87 27 67 181
57 52 72 181
61 97 23 181
67 31 83 181
36 86 59 181
95 2 84 181
51 83 47 181
65 96 20 181
8 79 94 181
46 93 42 181
17 80 84 181
12 92 77 181
72 69 40 181
32 98 51 181
22 68 91 181
84 35 62 181
55 52 74 181
42 42 97 181
39 44 98 181
31 57 93 181
89 37 55 181
64 43 75 182
64 64 54 182
70 91 21 182
54 75 53 182
80 60 42 182
81 7 94 182
32 75 75 182
53 92 37 182
92 62 28 182
81 38 63 182
51 98 33 182
45 88 49 182
25 60 97 182
60 97 25 182
59 28 95 182
76 54 52 182
26 62 94 182
18 96 68 182
68 29 85 182
32 61 89 182
81 74 28 183
59 59 65 183
65 81 37 183
84 0 99 183
64 82 37 183
73 81 29 183
39 67 77 183
33 69 81 183
95 51 37 183
67 40 76 183
92 40 51 183
96 74 13 183
31 64 88 183
78 38 67 183
89 59 35 183
98 60 25 183
35 69 79 183
46 56 81 183
57 99 27 183
99 82 2 183
68 53 62 183
84 39 60 183
38 84 61 183
78 23 82 183
89 18 76 183
90 69 24 183
74 69 40 183
54 63 66 183
88 45 50 183
77 74 32 183
50 43 90 183
61 53 69 183
78 86 19 183
90 70 24 184
62 68 54 184
83 94 7 184
92 49 43 184
70 81 33 184
56 54 74 184
19 77 88 184
16 77 91 184
12 77 95 184
33 70 81 184
86 21 77 184
0 91 93 184
48 50 86 184
69 27 88 184
56 34 94 184
73 37 74 184
74 93 18 185
89 33 63 185
10 86 89 185
63 85 37 185
91 33 61 185
50 39 96 185
84 16 85 185
87 20 78 185
75 99 11 185
46 56 83 185
38 74 73 185
55 75 55 185
96 69 20 185
76 89 20 185
84 64 37 185
81 13 91 185
47 44 94 185
88 3 94 185
62 52 71 185
81 59 45 185
70 63 52 185
1 98 86 185
61 84 40 185
92 4 89 185
58 65 62 185
37 93 55 185
19 88 78 185
70 28 87 185
87 26 72 185
71 55 59 185
32 97 57 186
64 61 61 186
67 38 81 186
89 40 57 186
38 54 94 186
97 61 28 186
89 79 18 186
68 25 93 186
83 42 61 186
93 84 9 186
33 83 70 186
29 68 89 186
48 83 55 186
17 85 84 186
55 55 76 186
87 37 62 186
33 62 91 186
38 61 87 186
22 69 95 186
77 32 77 186
79 38 70 187
66 33 88 187
25 69 93 187
88 3 96 187
99 15 73 187
80 80 27 187
20 77 90 187
73 20 94 187
71 58 58 187
71 92 24 187
40 51 96 187
76 14 97 187
88 15 84 187
82 81 24 187
75 95 17 187
83 21 83 187
77 76 34 187
82 23 82 187
72 71 44 187
58 53 76 187
74 84 30 188
53 52 83 188
41 90 57 188
22 73 93 188
85 41 62 188
29 79 80 188
65 94 29 188
81 58 49 188
76 65 47 188
81 27 80 188
83 56 49 188
90 16 82 188
79 30 79 188
86 59 43 188
81 9 98 188
65 29 94 188
94 78 17 189
82 20 87 189
71 42 76 189
85 50 54 189
8 85 96 189
95 62 32 189
62 80 47 189
47 61 81 189
49 77 63 189
70 22 97 189
70 64 55 189
36 62 91 189
61 88 40 189
63 42 84 189
46 83 60 189
69 80 40 189
47 61 81 189
86 99 4 189
85 11 93 189
23 94 72 189
65 81 43 189
68 31 90 189
54 69 67 190
63 29 98 190
98 38 54 190
28 99 63 190
43 96 51 190
98 87 5 190
75 74 41 190
80 38 72 190
50 79 61 190
94 87 9 190
34 96 60 190
58 85 47 190
47 83 60 190
84 77 29 190
91 6 93 190
94 40 56 190
61 58 71 190
69 27 94 190
14 81 95 190
71 62 57 190
47 47 96 190
50 93 47 190
78 56 56 190
50 67 73 190
29 70 91 190
23 74 93 190
96 83 11 190
82 90 18 190
0 91 99 190
93 16 81 190
48 50 92 190
92 43 55 190
80 25 85 190
72 23 96 191
99 91 1 191
86 68 37 191
97 59 35 191
59 50 82 191
25 94 72 191
78 14 99 191
86 40 65 191
45 86 60 191
44 63 84 191
46 57 88 191
30 66 95 191
52 46 93 191
76 30 85 191
37 97 57 191
88 12 91 191
70 66 55 191
93 92 6 191
69 81 41 191
88 84 19 191
23 93 75 191
29 71 91 191
30 86 76 192
46 65 81 192
74 72 46 192
85 97 10 192
61 54 77 192
66 70 56 192
85 8 99 192
86 64 42 192
29 93 70 192
23 98 71 192
81 75 36 192
56 44 92 192
69 31 92 192
73 40 79 192
70 89 33 192
40 86 66 192
69 90 33 192
94 6 92 192
99 4 89 192
91 92 9 192
20 92 81 193
29 91 73 193
31 90 72 193
35 92 66 193
71 60 62 193
27 91 75 193
99 48 46 193
99 16 78 193
20 94 79 193
91 45 57 193
68 55 70 193
61 72 60 193
94 81 18 193
83 46 64 193
85 67 41 193
12 87 94 193
87 66 40 193
68 38 87 193
38 79 76 193
89 50 54 193
83 17 93 193
73 83 37 193
97 4 92 193
92 30 71 193
91 64 39 194
22 89 83 194
91 38 65 194
96 32 66 194
79 89 26 194
14 84 96 194
80 51 63 194
73 49 72 194
92 41 61 194
96 82 16 194
86 52 56 194
83 83 28 194
70 48 76 194
22 73 99 194
49 75 70 194
55 98 41 194
75 23 96 194
22 91 82 195
80 28 87 195
67 79 49 195
67 70 58 195
32 96 67 195
81 57 57 195
12 96 87 195
75 93 27 195
98 18 79 195
97 46 52 195
57 67 71 195
27 79 89 195
97 50 48 195
93 3 99 195
71 83 41 195
84 49 62 195
74 39 82 195
86 27 82 195
3 96 96 195
27 97 71 195
77 77 41 195
49 76 70 195
73 53 69 195
87 18 90 195
49 96 50 195
69 75 51 195
85 89 22 196
1 98 97 196
38 86 72 196
33 87 76 196
49 84 63 196
51 77 68 196
16 93 87 196
69 97 30 196
84 42 70 196
92 96 8 196
95 78 23 196
93 94 9 196
36 77 83 196
75 41 80 196
25 81 90 196
43 96 57 196
83 72 41 196
86 14 96 196
93 88 15 196
51 90 55 196
39 92 65 196
18 80 98 196
25 95 76 196
20 86 90 196
53 45 98 196
76 29 91 196
68 66 62 196
37 82 77 196
76 56 64 196
45 99 52 196
23 85 88 196
57 58 82 197
79 49 69 197
96 61 40 197
94 30 73 197
29 77 91 197
84 81 32 197
71 91 35 197
46 59 92 197
65 78 54 197
95 48 54 197
99 23 75 197
83 58 56 197
51 58 88 197
17 92 88 197
48 91 58 197
66 76 55 197
82 56 59 197
42 92 63 197
67 33 97 197
98 51 48 197
68 37 92 197
63 77 57 197
60 41 96 197
76 46 75 197
81 45 71 197
46 56 95 197
48 85 65 198
39 73 86 198
80 76 42 198
85 35 78 198
87 32 79 198
91 23 84 198
61 89 48 198
77 55 66 198
38 82 78 198
63 96 39 198
89 91 18 198
82 82 34 198
91 64 43 198
73 29 96 198
86 46 66 198
25 93 80 198
80 45 73 198
79 65 54 198
94 14 90 198
47 83 68 198
38 65 95 198
63 96 39 198
77 92 29 198
70 47 82 199
61 88 50 199
51 75 73 199
26 88 85 199
97 58 44 199
99 90 10 199
55 96 48 199
34 88 77 199
90 92 17 199
94 30 75 199
63 77 59 199
20 94 85 199
90 25 84 199
33 67 99 199
90 92 17 199
52 50 97 199
96 31 72 199
70 62 67 199
90 27 82 199
94 98 7 199
37 95 67 199
27 79 93 199
98 2 99 199
62 91 46 199
34 96 69 199
48 63 88 199
75 58 66 199
79 65 55 199
97 15 87 199
77 62 60 199
80 90 30 200
52 71 77 200
76 60 64 200
62 44 94 200
53 95 52 200
61 41 98 200
33 93 74 200
69 37 94 200
84 64 52 200
85 86 29 200
48 91 61 200
38 70 92 200
61 40 99 200
67 54 79 200
42 70 88 200
82 88 30 200
21 81 98 200
73 57 71 201
72 42 87 201
96 66 39 201
94 13 94 201
99 38 64 201
93 20 88 201
87 80 34 201
81 54 66 201
95 30 76 201
70 85 46 201
63 91 47 201
78 51 72 201
81 94 27 202
24 99 79 202
64 52 86 202
84 52 66 202
67 67 68 202
60 99 43 202
82 64 56 202
99 75 28 202
59 47 96 202
61 63 78 202
60 88 54 202
99 42 61 202
60 43 99 202
85 44 73 202
17 93 93 203
61 93 49 203
25 88 90 203
73 92 38 203
45 98 60 203
90 74 39 203
27 78 98 203
38 99 66 203
73 68 62 203
83 37 83 203
56 50 97 203
38 76 89 203
97 90 16 203
73 32 98 203
23 82 98 203
89 16 98 203
69 47 87 203
29 77 97 203
57 96 50 203
31 85 87 203
96 11 96 203
23 97 84 204
96 16 92 204
59 86 59 204
59 96 49 204
84 83 37 204
97 57 50 204
38 78 88 204
95 65 44 204
99 9 96 204
47 87 70 204
96 9 99 204
66 64 74 204
88 96 21 205
83 63 59 205
35 96 74 205
54 86 65 205
88 72 45 205
94 68 43 205
71 81 53 205
72 97 36 205
93 59 53 205
77 71 57 205
68 40 97 205
28 96 81 205
96 44 65 205
93 49 63 205
81 99 25 205
85 92 28 205
75 76 54 205
24 95 86 205
90 78 37 205
91 44 70 205
90 33 83 206
98 78 30 206
30 79 97 206
49 99 58 206
83 25 98 206
98 65 43 206
40 75 91 206
82 27 97 206
53 86 67 206
46 80 80 206
29 96 81 206
83 81 42 206
70 98 38 206
51 64 92 207
34 98 75 207
76 80 51 207
77 77 53 207
19 98 90 207
58 68 81 207
96 24 87 207
78 41 88 207
92 98 17 207
79 49 79 207
68 99 40 207
55 69 83 207
71 78 58 207
75 91 41 207
74 63 70 207
97 17 93 207
90 95 22 207
57 75 75 207
76 95 37 208
61 59 88 208
52 94 62 208
70 42 96 208
60 86 62 208
90 56 62 208
85 86 37 208
74 49 85 208
87 72 49 208
90 68 50 208
84 65 59 208
73 69 66 208
81 87 40 208
72 94 42 208
41 72 95 208
92 55 61 208
80 39 89 208
89 90 29 208
66 72 70 208
96 39 74 209
88 26 95 209
42 88 79 209
26 95 88 209
23 94 92 209
84 45 80 209
97 31 81 209
78 43 88 209
61 90 58 209
92 55 62 209
66 97 46 209
64 69 76 209
63 89 57 209
83 31 95 209
99 99 11 209
56 92 61 209
73 41 95 209
90 54 65 209
68 69 72 209
47 85 77 209
86 44 79 209
74 37 98 209
45 67 97 209
68 61 80 209
29 83 98 210
40 74 96 210
45 91 74 210
98 43 69 210
83 89 38 210
64 60 86 210
64 96 50 210
69 72 69 210
64 67 79 210
54 90 66 210
45 90 75 210
34 82 94 210
96 25 89 210
83 88 39 210
33 81 96 210
22 89 99 210
84 63 64 211
83 98 30 211
93 20 98 211
62 62 87 211
87 44 80 211
89 85 37 211
56 66 89 211
63 85 63 211
94 53 64 211
99 40 73 212
90 53 69 212
84 40 88 212
82 43 87 212
83 67 62 212
57 73 82 212
78 43 91 212
66 53 93 212
82 42 88 212
64 71 77 212
62 54 96 212
75 43 94 212
46 87 79 212
33 98 81 212
95 81 36 212
95 98 19 212
67 71 75 213
71 65 77 213
86 28 99 213
82 86 45 213
89 38 86 213
84 43 86 213
49 92 72 213
92 66 55 213
42 73 98 213
84 34 95 213
69 51 93 213
24 97 92 213
90 84 39 213
45 71 97 213
86 96 31 213
51 91 71 213
40 86 87 213
84 58 72 214
72 80 62 214
48 95 71 214
98 72 44 214
82 89 43 214
77 76 61 214
94 49 71 214
93 98 23 214
69 91 54 214
61 96 57 214
58 96 60 214
67 88 59 214
89 79 46 214
48 78 88 214
67 68 80 215
61 96 58 215
98 58 59 215
32 95 88 215
87 99 29 215
94 93 28 215
28 90 97 215
72 79 64 215
74 46 95 215
90 49 76 215
97 68 50 215
38 90 87 215
99 96 20 215
99 94 22 215
31 93 91 215
83 78 54 215
82 39 94 215
37 97 82 216
65 79 72 216
79 52 85 216
64 81 71 216
86 57 73 216
53 95 68 216
87 40 89 216
76 87 53 216
76 51 89 216
92 52 72 216
89 64 63 216
96 80 40 216
54 75 87 216
61 67 88 216
77 68 71 216
63 58 95 216
79 54 83 216
95 33 88 216
74 88 54 216
81 58 78 217
55 98 64 217
42 87 88 217
84 73 60 217
89 47 81 217
75 70 72 217
34 93 90 217
56 97 64 217
40 86 91 217
94 79 44 217
89 34 95 218
44 87 87 218
91 96 31 218
86 59 73 218
85 51 82 218
89 72 57 218
91 85 42 218
75 98 45 218
53 99 66 218
69 77 72 218
87 93 38 218
82 50 86 218
74 49 95 218
48 98 72 218
93 35 90 218
35 87 96 218
89 88 41 218
90 48 80 218
86 35 97 218
98 81 40 219
31 93 95 219
38 96 85 219
48 91 80 219
83 99 37 219
98 37 84 219
74 98 47 219
62 68 89 219
68 54 97 219
93 63 63 219
38 98 83 219
70 68 81 219
47 85 87 219
85 68 66 219
51 83 85 219
91 57 71 219
72 50 97 219
79 70 71 220
98 82 40 220
60 67 93 220
74 62 84 220
30 97 93 220
79 83 58 220
95 81 44 220
83 72 65 220
53 73 94 220
74 73 73 220
93 85 43 221
47 87 87 221
85 38 98 221
78 48 95 221
62 73 86 221
63 94 64 221
89 98 34 221
85 38 98 221
53 82 86 221
91 52 78 221
56 66 99 221
66 87 69 222
66 94 62 222
66 64 92 222
96 67 59 222
84 52 86 222
75 61 86 222
66 75 81 222
97 79 46 222
79 51 92 222
59 85 78 222
66 64 92 222
69 61 92 222
91 48 83 222
77 76 70 223
75 99 49 223
78 52 93 223
96 71 56 223
74 75 74 223
65 74 84 223
85 39 99 223
78 65 80 223
79 67 77 223
54 77 92 223
83 67 73 223
80 81 62 223
53 89 81 223
78 62 83 223
34 96 93 223
82 49 92 223
93 83 48 224
89 58 77 224
87 92 45 224
79 93 52 224
83 53 88 224
66 76 82 224
69 98 57 224
86 41 97 224
55 88 81 224
52 99 74 225
94 96 35 225
87 88 50 225
87 94 44 225
86 53 86 225
93 63 69 225
37 89 99 225
77 85 63 225
86 44 95 225
96 93 36 225
74 76 76 226
58 92 76 226
92 86 48 226
71 58 97 226
79 82 65 226
77 89 60 226
72 66 88 226
87 86 53 226
74 92 60 226
83 88 55 226
69 97 60 226
92 42 92 226
88 89 49 226
99 61 67 227
74 90 63 227
69 74 84 227
99 30 98 227
73 86 68 227
93 42 92 227
68 97 62 227
85 98 44 227
45 90 92 227
78 79 70 227
49 79 99 227
85 93 49 227
73 87 67 227
99 39 89 227
99 96 33 228
63 66 99 228
58 73 97 228
80 53 95 228
65 88 75 228
99 33 96 228
87 51 90 228
94 85 49 228
82 51 95 228
68 64 96 228
44 89 95 228
99 92 37 228
85 81 63 229
86 91 52 229
61 90 78 229
78 64 87 229
78 84 67 229
73 97 59 229
93 74 62 229
77 58 94 229
70 72 87 229
98 38 93 229
53 79 97 229
88 92 50 230
89 65 76 230
46 96 88 230
42 92 96 230
87 96 47 230
73 76 81 230
44 88 98 230
72 82 76 230
54 89 87 230
64 70 96 230
89 44 98 231
86 53 92 231
95 72 64 231
83 66 82 231
94 41 96 231
75 83 73 231
96 41 94 231
79 53 99 231
50 99 83 232
75 58 99 232
76 86 70 232
93 82 57 232
87 84 62 233
76 65 92 233
79 83 71 233
96 94 43 233
74 89 70 233
84 59 90 233
85 99 49 233
47 87 99 233
99 88 46 233
48 91 94 233
74 79 80 233
78 70 86 234
62 82 90 234
81 78 75 234
87 55 92 234
65 82 87 234
98 72 64 234
70 96 68 234
85 83 66 234
44 92 98 234
90 85 59 234
54 99 82 235
91 62 82 235
99 66 70 235
72 66 97 235
83 73 79 235
84 72 79 235
68 85 82 235
69 87 79 235
95 49 91 235
99 58 78 235
67 81 88 236
82 78 76 236
77 60 99 236
89 78 69 236
76 70 90 236
60 84 92 236
84 68 84 236
59 79 98 236
74 98 64 236
97 43 96 236
99 38 99 236
54 94 88 236
56 85 95 236
76 91 69 236
82 68 86 236
63 85 88 236
98 69 69 236
73 71 93 237
78 95 64 237
86 56 95 237
51 95 91 237
94 68 75 237
80 74 83 237
96 52 89 237
83 55 99 237
94 56 87 237
92 48 97 237
80 96 62 238
94 84 60 238
94 55 89 238
73 67 98 238
55 85 98 238
89 90 59 238
86 63 89 238
53 89 97 239
90 68 81 239
89 69 81 239
85 83 71 239
99 50 90 239
99 53 88 240
93 66 81 240
99 57 84 240
99 83 58 240
92 55 94 241
75 69 97 241
85 95 61 241
46 98 97 241
91 63 87 241
90 53 99 242
82 75 85 242
98 88 56 242
56 89 97 242
91 86 66 243
73 85 85 243
81 84 78 243
84 61 98 243
82 78 83 243
62 98 83 243
60 95 89 244
58 92 94 244
95 63 86 244
87 67 90 244
66 80 98 244
57 89 98 244
97 61 86 244
98 96 50 244
71 74 99 244
86 76 82 244
98 75 72 245
99 79 67 245
98 82 65 245
96 92 57 245
75 90 80 245
88 69 88 245
92 69 84 245
89 78 79 246
57 93 96 246
70 86 90 246
73 75 98 246
99 73 75 247
83 96 68 247
97 72 78 247
99 50 98 247
94 60 93 247
93 67 87 247
92 99 57 248
63 99 86 248
77 76 95 248
80 81 87 248
77 97 74 248
83 69 97 249
89 85 75 249
81 96 72 249
86 89 74 249
72 92 85 249
76 85 88 249
87 92 71 250
99 80 71 250
72 90 88 250
92 98 60 250
96 83 71 250
92 91 67 250
97 85 68 250
61 91 98 250
70 93 87 250
96 95 59 250
97 61 93 251
87 87 77 251
81 78 92 251
76 76 99 251
84 78 90 252
80 79 93 252
79 75 98 252
92 83 77 252
91 74 87 252
89 96 67 252
98 99 56 253
83 78 92 253
91 97 65 253
96 65 93 254
98 90 66 254
95 75 84 254
82 99 73 254
64 92 98 254
95 81 78 254
92 80 82 254
83 94 78 255
75 85 95 255
66 93 96 255
94 65 97 256
79 93 85 257
80 79 98 257
86 96 76 258
85 86 87 258
90 91 78 259
98 91 70 259
84 76 99 259
84 92 84 260
78 87 95 260
96 98 66 260
98 93 69 260
68 94 98 260
91 92 77 260
99 65 97 261
81 85 95 261
91 99 72 262
82 86 94 262
95 98 69 262
76 90 97 263
67 99 97 263
95 98 70 263
85 90 88 263
72 96 95 263
77 89 98 264
68 98 98 264
89 79 96 264
92 82 90 264
96 81 87 264
91 79 95 265
85 83 97 265
98 74 93 265
74 96 95 265
96 78 91 265
97 90 79 266
87 96 84 267
74 95 98 267
91 84 93 268
96 79 93 268
71 99 99 269
98 98 74 270
94 90 86 270
79 98 93 270
90 93 88 271
89 87 96 272
93 98 81 272
87 96 89 272
95 89 89 273
89 88 96 273
85 99 90 274
94 87 93 274
87 96 91 274
89 94 91 274
95 94 86 275
94 85 97 276
94 92 92 278
95 91 92 278
91 95 92 278
97 87 95 279
95 86 98 279
92 92 95 279
99 97 84 280
89 98 93 280
87 98 97 282
95 89 98 282
93 93 96 282
98 94 93 285
Time Taken for sorting (quick) 4000 rows: 52365300 Nano secs